Number of jobs
100
Job data (job number, processing time, weight, due date)
0 2 10 181
1 4 100 148
2 1 57 110
3 3 76 185
4 2 37 110
5 2 29 162
6 3 48 112
7 3 87 148
8 1 97 97
9 3 93 181
10 2 28 134
11 2 10 117
12 3 31 190
13 2 64 170
14 4 28 105
15 2 4 144
16 2 55 186
17 4 81 133
18 2 72 112
19 3 33 93
20 2 41 138
21 2 45 121
22 1 37 112
23 2 39 151
24 4 32 152
25 3 61 148
26 2 47 146
27 4 27 123
28 3 20 133
29 2 71 144
30 2 48 172
31 2 56 117
32 2 52 123
33 2 60 147
34 2 57 178
35 3 92 148
36 4 81 175
37 3 41 176
38 4 60 176
39 2 86 166
40 3 72 171
41 2 98 107
42 2 98 181
43 3 77 91
44 4 100 102
45 3 17 183
46 2 52 174
47 3 98 166
48 2 100 174
49 2 96 132
50 2 26 112
51 2 27 115
52 2 15 182
53 2 51 181
54 2 73 175
55 3 17 151
56 4 53 135
57 3 90 130
58 2 50 124
59 2 47 176
60 3 66 114
61 2 76 186
62 2 23 174
63 3 5 151
64 3 71 142
65 2 10 106
66 2 73 176
67 3 38 188
68 3 95 180
69 3 84 173
70 2 1 179
71 2 45 116
72 3 94 87
73 2 58 131
74 2 61 194
75 3 97 183
76 3 39 148
77 2 97 87
78 2 95 144
79 3 92 120
80 2 61 188
81 3 73 176
82 3 22 162
83 3 18 99
84 2 100 120
85 3 19 152
86 3 59 70
87 2 59 138
88 2 30 157
89 3 56 149
90 2 93 179
91 1 63 173
92 3 39 166
93 3 6 126
94 3 76 138
95 2 9 178
96 2 54 163
97 2 51 135
98 3 10 118
99 2 59 116
