Number of jobs
50
Job data (job number, processing time, weight, due date)
0 53 10 4800
1 141 3 4800
2 79 8 4800
3 55 0 4800
4 137 10 4000
5 73 2 4800
6 128 1 4800
7 54 3 4000
8 127 3 4800
9 65 3 4000
10 147 9 4800
11 82 9 4800
12 53 2 4000
13 50 6 4750
14 120 10 4800
15 68 1 4800
16 133 3 4800
17 53 9 5000
18 51 4 4000
19 54 1 4800
20 132 3 4800
21 86 4 4800
22 136 8 5000
23 70 4 4800
24 148 8 4800
25 104 2 4800
26 134 3 4800
27 127 9 4800
28 68 9 4800
29 127 6 4000
30 114 2 4800
31 103 2 4000
32 59 1 4800
33 59 2 4800
34 150 9 4800
35 121 7 5000
36 83 3 5000
37 57 8 4800
38 139 5 4750
39 85 0 4800
40 122 5 4000
41 51 1 4800
42 68 5 4750
43 147 10 4800
44 146 3 4800
45 122 10 4800
46 150 8 4800
47 124 10 4800
48 100 0 4000
49 135 1 4800

