Number of jobs
70
Job data (job number, processing time, weight, due date)
0 3 53 124
1 2 42 86
2 2 48 67
3 4 16 76
4 2 36 117
5 3 64 91
6 3 70 120
7 2 52 103
8 2 29 78
9 3 67 33
10 2 49 117
11 2 52 109
12 2 30 107
13 4 14 82
14 3 16 112
15 3 34 77
16 1 55 81
17 2 3 117
18 3 3 106
19 3 55 121
20 2 39 104
21 3 5 133
22 2 55 121
23 4 59 106
24 2 8 88
25 2 52 93
26 3 39 125
27 2 69 134
28 2 26 124
29 3 16 84
30 2 49 79
31 3 48 116
32 2 34 130
33 2 7 137
34 2 54 117
35 2 7 58
36 4 14 111
37 2 33 112
38 3 33 85
39 4 25 91
40 3 66 129
41 3 31 75
42 2 46 110
43 3 17 105
44 2 20 131
45 3 14 84
46 4 47 103
47 3 51 122
48 2 54 130
49 2 20 129
50 2 39 101
51 2 37 130
52 2 52 82
53 2 2 138
54 2 3 70
55 4 59 94
56 2 16 74
57 3 16 110
58 3 2 124
59 2 14 91
60 2 52 72
61 3 22 130
62 2 43 73
63 3 56 56
64 1 58 111
65 2 13 72
66 2 26 122
67 3 31 117
68 3 47 64
69 3 50 115
