Number of jobs
200
Job data (job number, processing time, weight, due date)
0 3 193 278
1 4 25 263
2 3 184 262
3 2 171 273
4 2 149 318
5 3 115 337
6 3 113 174
7 2 37 147
8 2 68 362
9 4 143 362
10 3 60 153
11 2 192 308
12 2 187 190
13 2 37 188
14 1 16 259
15 3 76 221
16 2 33 266
17 3 133 210
18 3 176 267
19 4 55 335
20 3 74 235
21 3 109 227
22 3 124 356
23 3 194 182
24 2 2 358
25 3 163 195
26 2 103 342
27 2 58 146
28 1 18 198
29 2 133 323
30 2 146 293
31 3 9 216
32 3 75 202
33 2 180 264
34 3 116 174
35 2 156 306
36 2 119 297
37 2 156 229
38 3 123 313
39 3 33 190
40 3 13 309
41 3 48 202
42 2 144 248
43 2 78 271
44 3 112 166
45 3 91 98
46 2 133 353
47 2 58 236
48 2 56 261
49 4 22 372
50 3 149 273
51 2 70 194
52 2 56 340
53 3 87 218
54 3 63 297
55 4 136 150
56 3 153 215
57 2 56 339
58 2 126 281
59 3 190 251
60 3 179 263
61 2 199 373
62 2 34 345
63 3 102 265
64 2 82 332
65 4 135 319
66 2 44 310
67 3 126 279
68 4 93 369
69 2 142 302
70 3 184 262
71 2 189 302
72 2 148 176
73 2 74 332
74 3 135 324
75 2 141 266
76 2 73 152
77 2 199 246
78 4 75 377
79 2 115 319
80 2 181 169
81 3 165 315
82 2 96 280
83 3 152 370
84 2 140 268
85 3 142 271
86 3 160 339
87 2 106 256
88 2 132 324
89 2 62 197
90 3 13 370
91 3 189 311
92 2 175 317
93 2 78 308
94 2 77 203
95 2 70 374
96 3 182 313
97 3 172 370
98 3 85 326
99 2 173 301
100 3 117 205
101 3 78 197
102 3 69 314
103 3 1 214
104 2 161 165
105 3 160 177
106 2 138 250
107 2 200 383
108 2 6 212
109 2 187 225
110 3 160 330
111 3 79 147
112 1 95 238
113 2 200 332
114 4 188 270
115 2 154 255
116 2 52 241
117 2 92 246
118 2 173 392
119 2 83 331
120 2 137 173
121 2 143 340
122 2 196 266
123 2 15 360
124 4 66 354
125 2 58 342
126 2 145 328
127 4 95 337
128 2 154 243
129 3 6 269
130 3 157 294
131 3 145 326
132 2 16 346
133 2 7 301
134 2 80 362
135 2 177 297
136 2 29 349
137 3 70 313
138 2 72 306
139 2 182 308
140 3 111 389
141 3 126 135
142 3 38 239
143 3 191 267
144 1 101 284
145 2 37 333
146 3 37 237
147 2 197 268
148 3 139 358
149 3 72 252
150 3 143 274
151 2 187 344
152 2 170 305
153 2 29 307
154 3 152 261
155 3 195 293
156 2 36 293
157 2 37 369
158 3 16 228
159 4 158 301
160 3 198 383
161 3 189 293
162 3 193 296
163 2 58 322
164 2 143 327
165 2 65 297
166 3 188 165
167 3 161 220
168 2 163 398
169 3 87 385
170 3 84 75
171 3 197 182
172 2 146 182
173 2 181 322
174 3 95 250
175 1 154 287
176 2 110 369
177 2 64 348
178 4 79 351
179 2 163 341
180 2 124 352
181 2 65 261
182 2 190 342
183 2 106 217
184 2 161 324
185 3 73 381
186 3 23 364
187 2 24 255
188 3 55 366
189 2 152 246
190 3 40 245
191 2 155 291
192 3 69 341
193 2 25 307
194 2 75 361
195 3 115 365
196 2 76 380
197 4 124 326
198 2 75 256
199 3 141 321
