Number of jobs
800
Job data (job number, processing time, weight, due date)
0 3 252 1312
1 4 506 628
2 3 794 1567
3 3 9 994
4 2 101 1132
5 4 26 1532
6 2 421 600
7 2 374 1398
8 3 565 899
9 2 639 1006
10 3 487 697
11 2 384 1242
12 4 252 1578
13 2 396 1276
14 3 201 1386
15 2 176 1162
16 1 456 1332
17 2 657 884
18 3 784 1132
19 4 453 1524
20 2 94 934
21 2 785 1090
22 2 631 1340
23 4 332 1298
24 2 467 1159
25 2 60 1187
26 2 119 1371
27 3 277 1141
28 3 628 1455
29 2 440 1454
30 3 76 1346
31 3 617 1435
32 2 664 1287
33 3 159 830
34 2 321 815
35 2 514 1091
36 3 248 714
37 2 493 660
38 3 378 963
39 2 446 883
40 3 266 1421
41 2 47 1451
42 2 654 1218
43 2 545 1286
44 3 134 1292
45 2 326 1060
46 2 757 1246
47 2 90 1057
48 3 524 928
49 3 301 1057
50 3 404 1463
51 3 405 1100
52 2 796 971
53 2 330 1137
54 2 438 1344
55 3 539 1289
56 2 617 1372
57 3 359 1456
58 1 509 1380
59 2 120 874
60 3 143 1449
61 3 489 626
62 3 592 1136
63 2 672 1499
64 2 789 1156
65 2 628 1033
66 2 363 1215
67 2 500 1268
68 3 623 1010
69 4 665 601
70 2 714 1321
71 3 245 1188
72 2 753 1147
73 2 262 1556
74 3 787 718
75 2 10 1138
76 1 391 1168
77 1 377 1178
78 3 634 1369
79 3 340 1267
80 2 235 954
81 3 251 1131
82 2 711 1467
83 3 249 1268
84 3 564 1360
85 3 451 1407
86 2 558 1253
87 3 578 1366
88 2 128 890
89 3 112 1417
90 3 487 1461
91 3 713 1493
92 3 464 1139
93 3 658 1362
94 3 110 765
95 3 621 1072
96 2 558 871
97 2 348 1202
98 4 234 1487
99 3 55 1288
100 2 162 1305
101 3 346 952
102 3 472 1485
103 3 433 763
104 2 590 1415
105 3 644 1577
106 2 617 1374
107 3 762 1104
108 2 346 1079
109 2 536 980
110 2 731 1080
111 3 741 1341
112 2 311 1077
113 3 135 1110
114 2 437 1312
115 2 757 629
116 3 637 492
117 2 233 811
118 2 511 1193
119 3 451 1334
120 3 182 1101
121 1 287 1491
122 2 226 1444
123 4 355 715
124 2 455 1533
125 3 659 1489
126 3 308 1188
127 4 14 1139
128 3 185 1305
129 2 20 1379
130 2 571 1249
131 2 238 989
132 3 535 1503
133 4 98 1312
134 2 302 1479
135 2 445 1263
136 2 210 399
137 1 603 1431
138 2 620 1211
139 3 547 1425
140 3 238 951
141 3 41 1029
142 2 205 1276
143 1 733 1037
144 2 162 1231
145 3 733 830
146 2 632 1146
147 3 749 1341
148 3 41 946
149 2 128 1093
150 2 530 940
151 3 235 1308
152 2 537 1405
153 2 29 985
154 3 23 838
155 3 643 1217
156 3 110 1042
157 2 588 1436
158 2 286 1497
159 3 670 1274
160 3 444 1413
161 3 152 1205
162 3 565 1227
163 2 550 1339
164 2 687 1544
165 3 559 1229
166 3 42 1266
167 3 648 1490
168 3 205 1055
169 4 763 1409
170 3 91 848
171 2 38 1368
172 3 773 1534
173 2 22 1449
174 2 460 1018
175 2 618 1567
176 3 545 1237
177 2 240 1348
178 3 291 1137
179 2 134 1256
180 3 441 559
181 3 611 1097
182 3 521 589
183 2 298 860
184 2 501 1425
185 3 743 880
186 2 660 1390
187 4 212 932
188 3 48 1410
189 2 695 1190
190 2 710 1168
191 2 566 1316
192 3 782 1358
193 3 578 994
194 2 576 671
195 3 353 1356
196 1 178 1242
197 3 227 863
198 2 441 1145
199 2 95 1377
200 2 665 1397
201 4 187 1416
202 4 336 1224
203 2 296 1525
204 3 388 1271
205 3 129 606
206 1 140 1023
207 4 246 1390
208 4 517 515
209 2 113 1344
210 2 47 1144
211 2 113 695
212 4 788 317
213 2 557 1109
214 2 470 1268
215 2 490 906
216 3 85 895
217 4 41 1523
218 2 178 809
219 3 427 958
220 2 56 1048
221 2 130 622
222 4 697 859
223 2 152 1142
224 2 47 842
225 3 441 1253
226 2 716 1458
227 2 376 1045
228 4 569 1403
229 2 280 803
230 4 132 1330
231 4 324 1442
232 3 632 1119
233 3 322 759
234 1 337 973
235 4 91 919
236 3 632 1262
237 2 58 1047
238 3 620 1489
239 2 120 1171
240 3 717 1114
241 2 505 1409
242 3 264 1401
243 3 114 1263
244 3 86 1132
245 3 153 1371
246 2 402 844
247 2 93 1206
248 2 31 1019
249 2 695 1149
250 3 745 1097
251 3 704 1242
252 3 223 1139
253 3 706 777
254 2 338 964
255 2 615 1249
256 2 326 1195
257 2 727 1174
258 2 721 1429
259 3 557 1532
260 3 764 837
261 2 69 1480
262 1 700 1400
263 2 686 862
264 2 282 1154
265 2 544 984
266 2 376 1038
267 1 378 1263
268 3 367 1212
269 2 753 1260
270 2 378 1442
271 3 18 1221
272 2 546 1348
273 3 605 788
274 3 601 1411
275 3 494 1279
276 3 203 899
277 3 442 1056
278 3 460 914
279 2 762 1489
280 3 447 882
281 2 395 906
282 3 178 1543
283 2 223 1179
284 2 473 1196
285 3 697 713
286 3 728 1366
287 2 167 755
288 3 506 1195
289 2 165 969
290 3 67 1352
291 2 510 1425
292 4 104 1251
293 2 792 688
294 2 28 1359
295 2 486 1173
296 4 478 704
297 2 184 766
298 2 450 1317
299 3 254 1143
300 2 555 1320
301 2 115 1026
302 2 93 958
303 2 649 1392
304 2 548 816
305 2 56 1021
306 2 176 1420
307 3 569 876
308 3 134 1542
309 1 270 1051
310 3 539 1418
311 3 276 1008
312 2 699 1285
313 2 662 800
314 2 81 1178
315 2 389 1312
316 3 771 1417
317 3 581 996
318 2 497 1155
319 3 660 1230
320 2 644 933
321 2 106 1314
322 2 442 1358
323 2 700 673
324 2 699 1181
325 2 353 1273
326 2 391 637
327 3 722 972
328 3 246 1441
329 2 124 1310
330 2 455 1103
331 3 232 988
332 4 17 1319
333 3 383 771
334 2 100 846
335 2 205 1374
336 2 458 955
337 1 471 1225
338 3 603 652
339 3 170 928
340 3 1 570
341 2 1 1157
342 3 594 1174
343 3 461 1298
344 2 737 695
345 2 494 1515
346 2 296 1229
347 3 352 902
348 2 191 683
349 2 38 1206
350 5 267 1080
351 2 457 1083
352 2 569 1022
353 3 311 916
354 2 774 1343
355 3 464 1299
356 2 48 910
357 3 636 881
358 2 688 855
359 2 211 1288
360 2 758 753
361 2 248 1114
362 2 287 519
363 2 316 807
364 2 398 1451
365 3 691 1458
366 3 404 1349
367 2 32 1339
368 2 51 969
369 3 67 1156
370 2 461 1345
371 3 738 776
372 2 514 898
373 2 553 1126
374 2 508 1060
375 2 138 1428
376 2 788 1537
377 3 627 1373
378 2 586 920
379 2 228 955
380 2 16 1297
381 2 376 1001
382 3 689 975
383 3 100 1000
384 2 460 1531
385 2 17 1157
386 3 461 1505
387 4 131 1332
388 3 221 1038
389 3 329 827
390 3 110 490
391 3 242 1538
392 2 716 954
393 2 656 1316
394 2 619 1364
395 3 188 1059
396 4 657 813
397 2 668 941
398 2 729 968
399 3 736 506
400 2 544 1342
401 3 328 983
402 2 359 724
403 2 730 1515
404 3 127 1417
405 3 593 1388
406 2 509 1013
407 2 422 1080
408 2 587 1440
409 2 242 615
410 3 433 1001
411 3 60 945
412 3 203 1342
413 2 567 1253
414 3 118 1455
415 1 164 1299
416 3 152 1391
417 2 719 1402
418 3 368 1196
419 4 242 1123
420 3 325 743
421 2 177 1260
422 4 75 837
423 3 694 1374
424 3 381 917
425 2 489 1412
426 2 505 1133
427 3 607 1417
428 2 337 1183
429 3 701 1266
430 1 51 1437
431 3 551 1520
432 3 6 1131
433 2 383 555
434 3 314 1296
435 3 437 1082
436 2 261 769
437 2 327 557
438 3 654 1265
439 2 171 1329
440 3 547 1456
441 3 377 1114
442 3 56 1043
443 2 344 717
444 2 289 1223
445 3 786 431
446 3 363 942
447 2 568 1049
448 3 145 862
449 3 793 880
450 2 754 1111
451 2 631 1436
452 2 753 1372
453 2 667 1240
454 1 515 1404
455 4 241 1015
456 2 221 892
457 3 418 1254
458 2 619 994
459 2 181 833
460 2 182 965
461 2 596 1557
462 3 137 1203
463 2 539 799
464 1 331 1571
465 1 12 1190
466 3 70 1375
467 4 563 1395
468 2 309 1339
469 3 315 1038
470 3 760 981
471 2 607 1175
472 2 423 1444
473 2 156 1107
474 2 510 1542
475 2 535 791
476 5 245 1235
477 2 651 850
478 3 56 1349
479 3 588 1297
480 3 716 1339
481 2 165 1044
482 3 750 1054
483 3 388 1355
484 3 641 836
485 2 28 1253
486 2 395 803
487 2 695 1374
488 3 603 1213
489 2 523 1181
490 3 206 1374
491 3 82 1329
492 2 91 945
493 2 546 1118
494 2 480 549
495 3 462 1481
496 3 136 988
497 3 709 1111
498 3 378 1072
499 2 316 554
500 2 160 1231
501 3 22 1349
502 1 368 819
503 3 387 1238
504 2 71 1288
505 2 90 287
506 2 640 796
507 3 65 1249
508 2 290 1186
509 3 111 1309
510 3 362 1040
511 2 169 726
512 2 738 1026
513 3 584 1398
514 3 618 1176
515 4 300 1297
516 2 679 925
517 2 347 1161
518 2 231 1433
519 3 574 1065
520 2 184 1083
521 2 483 1562
522 3 639 519
523 3 465 1226
524 2 713 1291
525 3 39 993
526 1 364 1236
527 3 711 1422
528 2 95 1103
529 2 294 946
530 2 445 1085
531 3 491 1525
532 2 2 1441
533 2 509 1399
534 3 620 1078
535 3 754 1249
536 3 383 831
537 2 335 1414
538 2 383 903
539 2 45 1207
540 3 326 1122
541 3 302 1405
542 2 729 1480
543 2 698 837
544 4 243 1310
545 3 444 1503
546 2 691 971
547 2 354 993
548 2 377 1458
549 2 482 1439
550 2 16 1051
551 3 243 1237
552 2 633 614
553 2 21 1039
554 3 430 1203
555 3 67 1529
556 3 635 920
557 4 298 875
558 3 426 1078
559 3 376 723
560 3 394 827
561 4 34 1411
562 2 76 788
563 2 771 640
564 2 610 1042
565 3 311 1489
566 2 657 1184
567 2 689 1402
568 3 572 1118
569 3 43 1030
570 3 246 1336
571 3 413 1014
572 2 508 1378
573 2 775 1262
574 2 18 1297
575 3 432 1538
576 4 741 1379
577 2 684 571
578 3 191 1310
579 3 451 1016
580 4 569 1134
581 3 726 896
582 4 254 1521
583 3 730 1064
584 2 415 1239
585 3 705 1265
586 3 420 841
587 1 798 1116
588 3 563 1342
589 2 43 1288
590 2 570 611
591 3 509 674
592 2 168 1050
593 3 315 1291
594 2 331 1205
595 3 537 1268
596 3 434 1420
597 2 222 1181
598 2 411 794
599 2 540 1357
600 1 645 927
601 3 160 958
602 3 147 1270
603 2 24 1005
604 2 283 1450
605 2 397 1204
606 3 246 1333
607 2 346 1345
608 2 37 845
609 3 692 1281
610 2 653 1480
611 4 38 1434
612 2 267 1519
613 3 768 921
614 2 690 1125
615 2 17 1153
616 2 594 1069
617 2 41 1293
618 3 415 638
619 2 577 765
620 2 720 1362
621 3 258 1168
622 3 189 1379
623 2 399 1105
624 2 763 974
625 2 486 896
626 2 367 1025
627 2 708 1283
628 3 259 1275
629 3 335 714
630 3 203 1164
631 2 469 1542
632 3 279 1497
633 3 374 812
634 2 441 1061
635 3 178 922
636 2 265 1380
637 2 2 1507
638 3 404 1267
639 2 292 1198
640 2 235 869
641 2 104 1534
642 3 626 869
643 3 431 446
644 3 155 1275
645 3 784 626
646 3 346 1384
647 2 157 756
648 3 39 1098
649 3 795 1019
650 2 29 959
651 3 619 1479
652 2 629 1187
653 2 14 987
654 4 620 1405
655 3 77 1026
656 2 168 1348
657 2 503 1231
658 4 11 1299
659 2 347 1141
660 3 686 1070
661 2 711 1466
662 3 562 1012
663 2 681 1342
664 2 225 874
665 3 678 1359
666 3 668 1512
667 3 532 1213
668 3 35 1341
669 2 724 1088
670 3 711 939
671 2 282 1267
672 2 71 1240
673 3 699 1063
674 3 686 938
675 2 398 759
676 2 159 812
677 2 535 1324
678 2 760 1163
679 2 652 1297
680 3 398 1032
681 2 409 1320
682 2 377 786
683 2 391 1435
684 2 140 1395
685 4 484 1029
686 2 307 1215
687 2 669 1094
688 2 497 1355
689 2 673 1199
690 2 784 1056
691 3 580 1454
692 2 41 718
693 3 793 744
694 2 719 1246
695 2 431 873
696 2 191 1352
697 4 173 1043
698 4 731 877
699 2 372 954
700 3 549 1143
701 2 213 1362
702 2 622 1113
703 3 779 1020
704 3 578 1091
705 3 718 933
706 2 701 1396
707 3 714 885
708 2 147 996
709 2 609 1330
710 2 120 1200
711 2 246 1024
712 3 298 1510
713 3 546 533
714 2 189 1535
715 4 148 796
716 2 795 1041
717 2 664 1248
718 2 504 1232
719 2 800 1371
720 2 462 1369
721 3 708 1096
722 3 167 1520
723 3 585 1056
724 3 579 1074
725 1 302 1563
726 4 508 1364
727 3 520 809
728 2 599 835
729 3 193 1218
730 2 21 1211
731 2 173 597
732 2 313 991
733 2 281 1402
734 2 625 1406
735 1 627 1046
736 2 66 1270
737 2 703 1076
738 3 307 1367
739 2 335 654
740 3 144 926
741 2 571 1061
742 3 100 946
743 2 494 883
744 2 367 491
745 2 189 1223
746 2 262 1285
747 4 2 1428
748 3 382 1149
749 3 582 1046
750 2 294 750
751 2 739 1031
752 3 570 1435
753 3 46 765
754 3 403 1275
755 2 144 639
756 3 252 1146
757 2 268 1109
758 2 735 1356
759 3 125 1141
760 3 434 895
761 2 140 863
762 3 471 1061
763 3 319 1366
764 2 462 603
765 2 436 1309
766 2 765 885
767 2 161 1309
768 4 413 1510
769 3 51 1201
770 3 100 1203
771 4 669 934
772 2 325 1088
773 2 765 1177
774 3 203 1196
775 2 132 1462
776 2 349 1331
777 2 587 1066
778 2 321 1255
779 1 103 1255
780 4 477 1005
781 3 243 946
782 2 40 795
783 2 110 1300
784 2 204 1438
785 3 419 1201
786 2 543 882
787 3 205 1489
788 2 458 1396
789 3 435 858
790 2 755 736
791 3 564 1467
792 2 766 1229
793 2 352 1462
794 2 509 1165
795 4 760 584
796 2 190 764
797 3 121 1204
798 3 717 917
799 2 46 1374
