Number of jobs
300
Job data (job number, processing time, weight, due date)
0 3 175 497
1 3 30 492
2 3 98 424
3 3 6 460
4 3 177 445
5 3 231 432
6 3 237 269
7 3 109 455
8 3 125 370
9 2 168 520
10 2 153 301
11 3 294 539
12 3 150 420
13 2 64 513
14 3 222 362
15 2 188 440
16 3 88 384
17 4 54 419
18 2 156 467
19 2 258 579
20 2 113 401
21 3 298 461
22 2 188 375
23 2 215 487
24 2 67 209
25 3 136 444
26 4 259 486
27 2 119 462
28 2 36 445
29 2 140 353
30 3 286 325
31 2 284 486
32 2 247 466
33 1 235 386
34 3 275 505
35 3 187 428
36 3 287 571
37 2 17 463
38 3 39 341
39 3 208 514
40 2 135 390
41 2 240 264
42 3 13 563
43 3 97 375
44 3 5 538
45 2 175 467
46 2 64 440
47 2 248 303
48 3 164 484
49 2 240 398
50 2 136 558
51 3 170 490
52 2 164 464
53 2 44 474
54 2 217 458
55 3 76 532
56 3 288 266
57 2 254 541
58 3 78 461
59 2 29 337
60 2 78 312
61 3 114 335
62 4 84 466
63 3 76 450
64 3 104 392
65 2 225 373
66 4 85 392
67 2 80 518
68 3 210 290
69 2 269 464
70 4 103 473
71 3 41 362
72 3 28 506
73 1 132 373
74 3 47 526
75 2 107 393
76 2 270 560
77 2 37 486
78 3 57 421
79 3 244 499
80 3 223 477
81 3 152 246
82 2 21 284
83 3 121 383
84 2 151 492
85 2 283 295
86 3 221 423
87 2 248 240
88 3 280 561
89 3 134 518
90 3 186 534
91 4 268 442
92 2 39 462
93 4 294 397
94 2 50 482
95 1 170 541
96 3 165 364
97 2 140 437
98 3 300 382
99 3 240 515
100 3 65 391
101 2 16 482
102 2 52 552
103 3 271 318
104 4 227 377
105 3 137 359
106 2 285 485
107 1 52 531
108 2 203 556
109 2 115 439
110 3 167 368
111 2 181 343
112 2 20 277
113 4 14 381
114 1 176 307
115 3 78 417
116 3 256 373
117 2 99 304
118 2 133 432
119 2 167 535
120 2 68 349
121 3 206 498
122 2 184 560
123 4 174 169
124 3 236 203
125 3 252 401
126 2 239 540
127 2 59 193
128 2 292 495
129 3 153 515
130 3 221 555
131 3 199 242
132 3 106 394
133 2 129 530
134 2 70 580
135 2 164 579
136 1 209 373
137 3 74 400
138 2 148 446
139 2 283 470
140 2 219 505
141 2 157 492
142 4 220 477
143 2 5 373
144 2 48 428
145 2 212 392
146 1 235 282
147 2 61 503
148 2 7 318
149 2 110 471
150 3 76 259
151 2 191 487
152 2 165 497
153 3 244 512
154 2 183 343
155 1 69 311
156 2 210 276
157 3 236 529
158 3 132 478
159 3 239 451
160 3 15 537
161 2 136 540
162 2 74 597
163 3 45 527
164 2 11 451
165 3 252 415
166 3 75 571
167 2 281 363
168 3 257 422
169 2 210 500
170 4 145 483
171 2 87 503
172 4 62 198
173 3 104 499
174 2 86 522
175 1 98 422
176 2 7 486
177 3 130 476
178 3 19 485
179 2 74 460
180 1 237 404
181 2 200 407
182 2 150 309
183 2 297 401
184 3 128 389
185 2 201 401
186 3 214 502
187 4 27 524
188 2 265 417
189 3 242 299
190 2 156 482
191 3 37 538
192 2 171 471
193 3 116 281
194 3 206 543
195 3 141 518
196 2 41 498
197 2 262 297
198 3 241 506
199 4 84 480
200 3 254 550
201 3 282 533
202 3 166 334
203 1 259 305
204 2 295 507
205 3 96 408
206 4 105 306
207 2 288 352
208 4 45 555
209 3 190 498
210 3 144 465
211 3 251 408
212 2 291 369
213 4 158 455
214 2 135 354
215 3 11 545
216 2 31 466
217 3 128 528
218 2 194 491
219 2 133 487
220 4 139 548
221 2 180 343
222 2 188 381
223 2 233 489
224 2 49 387
225 3 37 356
226 3 6 371
227 3 34 572
228 2 163 528
229 2 216 532
230 2 64 456
231 1 15 396
232 3 80 530
233 2 175 328
234 1 201 459
235 3 110 368
236 2 245 548
237 2 187 451
238 2 192 338
239 3 64 332
240 2 40 533
241 2 37 329
242 4 272 554
243 3 249 244
244 2 78 493
245 2 213 551
246 3 103 360
247 2 279 498
248 2 110 489
249 2 163 360
250 3 254 479
251 3 54 471
252 2 107 473
253 4 53 474
254 2 132 596
255 2 112 252
256 2 282 437
257 4 100 440
258 3 143 270
259 2 4 379
260 3 54 474
261 2 38 501
262 2 217 225
263 2 289 502
264 3 261 452
265 3 23 445
266 2 292 447
267 1 3 482
268 2 189 239
269 2 289 515
270 2 234 412
271 2 126 419
272 2 225 545
273 2 193 402
274 2 166 454
275 2 232 391
276 3 115 359
277 4 34 430
278 3 87 362
279 2 293 417
280 3 210 538
281 3 140 521
282 2 16 194
283 2 94 570
284 2 181 566
285 3 43 317
286 3 225 368
287 2 146 444
288 2 144 163
289 4 62 411
290 3 12 576
291 3 94 485
292 2 151 557
293 3 97 497
294 2 262 358
295 2 85 553
296 3 221 288
297 2 213 356
298 3 112 384
299 2 30 534
