Number of jobs
700
Job data (job number, processing time, weight, due date)
0 3 403 1041
1 4 50 1245
2 1 655 1066
3 3 154 1144
4 1 651 802
5 3 281 1152
6 3 596 1205
7 4 249 1291
8 2 156 464
9 2 442 1057
10 2 243 1229
11 2 220 840
12 3 557 1253
13 1 37 1017
14 3 3 1278
15 3 485 1115
16 2 443 429
17 2 633 1106
18 3 128 1187
19 4 687 1226
20 2 529 1280
21 4 624 1338
22 2 321 944
23 2 691 845
24 3 464 1185
25 4 612 525
26 3 515 398
27 4 28 1271
28 4 226 1361
29 2 521 1158
30 4 427 1130
31 2 156 1183
32 4 306 977
33 4 672 1291
34 3 194 946
35 2 491 1291
36 3 478 1067
37 3 644 830
38 2 524 1227
39 2 377 1130
40 3 348 663
41 2 652 798
42 3 415 959
43 4 233 953
44 2 603 806
45 3 59 1117
46 3 31 550
47 2 226 989
48 3 210 1280
49 2 630 946
50 2 656 971
51 3 7 783
52 2 660 1209
53 4 286 871
54 3 381 1285
55 3 228 1246
56 2 662 1088
57 1 330 1313
58 3 347 1006
59 3 316 806
60 2 329 1321
61 3 206 923
62 2 190 992
63 2 530 1277
64 3 359 914
65 3 666 750
66 2 166 447
67 4 57 469
68 2 41 1143
69 3 646 916
70 3 504 855
71 2 145 1246
72 2 322 726
73 2 551 1126
74 2 600 1166
75 3 142 1345
76 3 528 1158
77 3 212 1184
78 2 145 617
79 2 205 692
80 2 595 773
81 2 416 1265
82 2 580 1213
83 3 522 1176
84 2 332 732
85 2 361 509
86 3 44 932
87 2 3 1131
88 2 204 968
89 3 132 987
90 2 659 344
91 2 36 970
92 2 299 1237
93 3 677 924
94 4 5 1248
95 1 36 1070
96 2 380 1283
97 3 215 866
98 4 280 1087
99 3 192 1052
100 3 154 972
101 3 157 1083
102 2 506 942
103 2 148 1148
104 3 3 802
105 2 585 958
106 4 142 965
107 2 186 1094
108 3 569 876
109 2 661 1035
110 2 301 743
111 3 422 1057
112 3 609 1260
113 2 154 1288
114 3 436 1211
115 3 647 866
116 4 455 641
117 2 325 823
118 2 512 985
119 3 114 1182
120 3 203 532
121 3 516 779
122 3 648 1132
123 3 136 1169
124 3 473 616
125 2 291 1215
126 2 202 935
127 2 562 1055
128 2 321 915
129 2 8 1385
130 2 117 1315
131 3 385 893
132 2 313 950
133 3 213 1126
134 2 302 1090
135 2 476 985
136 2 217 1198
137 2 289 1223
138 2 521 1279
139 4 596 874
140 2 692 963
141 3 670 958
142 3 267 854
143 3 71 397
144 4 63 864
145 2 208 440
146 2 500 1317
147 2 530 534
148 4 460 1178
149 2 523 1287
150 2 450 1363
151 2 305 1198
152 2 272 1004
153 4 236 1249
154 3 26 1091
155 3 639 848
156 2 629 976
157 2 530 1125
158 4 212 903
159 3 162 1125
160 3 556 794
161 2 146 1246
162 3 422 897
163 3 298 1059
164 2 498 810
165 3 467 727
166 2 653 1048
167 3 663 1015
168 2 137 834
169 2 331 748
170 2 385 880
171 2 446 934
172 3 409 1390
173 3 459 1239
174 2 364 1035
175 2 622 1197
176 2 594 657
177 3 417 1290
178 2 491 964
179 2 447 1290
180 4 161 73
181 3 50 849
182 4 564 847
183 2 74 878
184 3 654 1152
185 3 488 1052
186 2 646 583
187 2 643 1003
188 2 651 902
189 2 526 1146
190 2 535 1075
191 2 387 1110
192 2 254 782
193 1 395 716
194 3 37 1190
195 2 428 701
196 2 501 1059
197 3 456 799
198 3 63 709
199 1 144 1187
200 2 208 1098
201 2 572 708
202 4 258 803
203 2 461 1130
204 2 410 843
205 3 570 802
206 2 617 1052
207 3 481 775
208 3 341 990
209 2 245 973
210 2 418 1312
211 2 164 811
212 2 65 1106
213 2 573 891
214 2 312 849
215 3 588 1182
216 3 33 774
217 3 118 818
218 2 559 1011
219 2 381 1219
220 2 660 1060
221 2 151 1089
222 3 355 830
223 3 633 1231
224 2 538 1274
225 3 627 1153
226 2 495 1288
227 2 471 1218
228 3 550 842
229 2 191 1308
230 3 595 990
231 2 47 953
232 3 641 1131
233 3 697 1270
234 2 224 1273
235 3 303 1103
236 3 140 1225
237 4 504 1065
238 4 352 1073
239 1 456 844
240 3 201 1219
241 4 265 731
242 2 574 945
243 2 659 1186
244 2 268 797
245 2 422 831
246 2 603 1272
247 2 411 1265
248 1 113 1302
249 2 424 1234
250 3 221 778
251 2 119 402
252 2 11 1154
253 3 91 1196
254 3 221 1210
255 3 326 996
256 3 534 584
257 3 608 1107
258 3 1 1115
259 3 68 1204
260 3 165 1229
261 2 638 782
262 2 266 1125
263 2 250 457
264 3 21 1041
265 3 273 1139
266 4 390 1142
267 2 602 1095
268 3 441 855
269 2 640 1191
270 4 68 772
271 3 215 1004
272 4 331 1010
273 2 325 711
274 4 382 753
275 2 670 1108
276 3 338 1000
277 3 76 907
278 4 227 926
279 3 602 818
280 2 608 1260
281 2 97 864
282 2 361 1319
283 2 15 707
284 2 527 1188
285 3 596 1353
286 2 369 1165
287 2 445 515
288 4 178 981
289 2 126 682
290 4 415 1263
291 2 495 865
292 3 110 1214
293 2 361 707
294 3 683 1343
295 2 335 1104
296 2 551 869
297 3 426 1347
298 2 374 895
299 3 590 697
300 2 43 1231
301 2 389 973
302 4 606 1164
303 2 292 1130
304 2 147 1273
305 2 70 972
306 3 3 492
307 2 402 961
308 3 245 1130
309 2 261 1177
310 2 599 853
311 2 660 777
312 4 127 1067
313 2 455 1309
314 2 380 693
315 3 367 1144
316 2 266 1313
317 3 437 1261
318 2 595 1247
319 2 33 1150
320 3 660 1132
321 3 147 786
322 2 211 737
323 3 178 1302
324 3 518 1037
325 2 560 914
326 4 405 1228
327 3 116 1314
328 2 147 1119
329 3 506 787
330 3 141 595
331 4 288 1101
332 2 164 645
333 3 561 1088
334 2 474 721
335 2 652 759
336 2 563 1206
337 2 16 1187
338 2 342 1058
339 2 68 1064
340 2 472 1255
341 2 623 888
342 2 37 871
343 2 333 818
344 3 661 657
345 2 82 1167
346 3 570 830
347 3 55 1323
348 4 394 1132
349 3 100 972
350 4 632 900
351 2 315 1079
352 3 471 821
353 2 149 1160
354 2 523 729
355 3 84 986
356 2 428 825
357 2 182 1095
358 3 253 746
359 2 574 1127
360 2 613 1249
361 2 359 1177
362 2 596 1054
363 2 10 719
364 2 324 1204
365 2 114 982
366 3 380 851
367 2 473 1256
368 2 57 914
369 3 490 1232
370 3 630 602
371 2 685 1258
372 2 661 655
373 2 598 530
374 2 60 1142
375 3 621 1164
376 2 7 643
377 4 585 1265
378 4 339 721
379 2 121 913
380 2 365 814
381 2 333 898
382 3 659 884
383 2 631 921
384 3 123 952
385 2 552 1231
386 2 126 1012
387 3 81 1162
388 1 397 1222
389 2 304 1174
390 2 687 839
391 2 391 1101
392 1 587 1176
393 2 182 1386
394 3 688 975
395 2 573 1076
396 3 354 697
397 2 428 772
398 4 191 1176
399 4 350 1082
400 4 35 938
401 2 392 1160
402 2 128 638
403 4 627 1188
404 3 390 1047
405 3 72 862
406 3 24 832
407 3 410 785
408 2 233 790
409 2 17 1038
410 4 125 934
411 4 173 1197
412 3 697 1177
413 4 224 1370
414 3 318 1101
415 2 669 921
416 3 185 833
417 3 377 1280
418 2 575 1208
419 2 698 874
420 1 607 626
421 2 294 1012
422 2 570 1078
423 3 570 1034
424 2 313 727
425 3 696 1274
426 2 423 1367
427 2 468 1149
428 3 497 809
429 3 589 991
430 2 3 1107
431 2 211 1287
432 2 637 759
433 3 84 1334
434 2 644 1083
435 2 560 1070
436 2 338 1244
437 2 130 1158
438 2 206 1035
439 2 8 1024
440 2 591 1234
441 3 13 1236
442 3 171 1119
443 2 103 743
444 3 215 1171
445 2 499 917
446 2 217 943
447 2 619 896
448 4 562 1271
449 2 293 1193
450 4 479 867
451 2 184 1251
452 2 112 926
453 3 15 1075
454 2 148 1321
455 3 274 1325
456 2 442 1089
457 2 107 451
458 2 503 649
459 3 325 1217
460 2 556 802
461 3 685 973
462 3 56 1186
463 3 492 902
464 2 437 1089
465 2 18 1221
466 2 165 1103
467 3 333 1271
468 2 336 910
469 2 319 1040
470 2 333 616
471 4 355 1184
472 4 429 1305
473 2 604 1204
474 2 97 998
475 2 54 1143
476 2 216 1033
477 2 620 1016
478 2 391 1253
479 2 693 1008
480 3 547 1161
481 3 92 1029
482 3 127 461
483 3 650 948
484 2 564 1208
485 2 249 1065
486 2 76 1295
487 2 365 1082
488 3 149 1261
489 3 343 1102
490 3 308 1116
491 4 213 798
492 2 160 1271
493 3 332 1277
494 3 298 903
495 2 255 783
496 3 554 781
497 2 548 1143
498 3 22 758
499 3 387 898
500 4 694 644
501 2 117 1237
502 3 541 1125
503 2 366 1245
504 3 662 1252
505 3 357 995
506 2 386 826
507 2 38 970
508 3 386 453
509 3 248 498
510 2 114 1337
511 2 560 508
512 2 524 999
513 2 340 965
514 2 446 785
515 2 371 1327
516 2 494 930
517 2 75 1134
518 2 573 1155
519 3 202 1170
520 2 288 676
521 2 379 999
522 3 599 1169
523 3 62 840
524 2 581 1213
525 3 41 452
526 2 310 1193
527 3 568 875
528 3 153 668
529 2 124 1312
530 3 633 899
531 3 222 1328
532 2 33 1081
533 3 90 1252
534 2 376 459
535 3 179 548
536 2 12 1147
537 3 648 839
538 2 28 1353
539 2 626 851
540 2 496 1318
541 2 423 984
542 2 416 1102
543 3 412 1019
544 1 521 1066
545 3 138 1245
546 2 268 1302
547 3 379 1028
548 2 162 1358
549 2 338 1047
550 3 276 1017
551 3 248 1074
552 3 525 728
553 4 90 1115
554 2 162 1083
555 2 184 1138
556 4 86 896
557 2 374 1031
558 3 551 1070
559 2 273 942
560 2 445 658
561 2 232 1097
562 2 500 1278
563 4 379 639
564 2 544 972
565 3 71 1277
566 1 373 964
567 2 202 1073
568 3 159 961
569 5 16 945
570 2 225 1037
571 3 370 1276
572 4 49 838
573 2 531 1094
574 2 447 1274
575 3 459 1083
576 3 290 1128
577 2 34 1319
578 3 38 1154
579 2 538 1078
580 3 228 1161
581 3 508 1294
582 3 149 1373
583 3 589 1170
584 2 508 632
585 3 422 545
586 3 407 1084
587 2 427 955
588 2 501 924
589 2 351 1094
590 3 430 1311
591 3 149 1248
592 3 639 717
593 2 61 806
594 2 113 933
595 4 358 1063
596 4 173 1026
597 2 591 989
598 2 226 1314
599 2 557 1087
600 2 259 846
601 4 17 620
602 2 152 1147
603 2 459 334
604 3 171 1221
605 2 621 432
606 3 653 584
607 3 582 1169
608 3 419 1190
609 2 569 1304
610 2 494 648
611 2 33 955
612 2 588 1124
613 2 225 921
614 3 277 464
615 2 557 890
616 3 79 826
617 2 10 934
618 3 298 751
619 3 38 942
620 2 396 881
621 3 2 1013
622 2 628 1321
623 1 376 1212
624 4 377 1371
625 3 132 1121
626 4 603 738
627 3 8 1224
628 2 457 1293
629 4 284 589
630 3 595 902
631 2 122 1088
632 3 2 1071
633 2 234 959
634 3 592 1175
635 2 181 1261
636 2 303 1189
637 1 69 1262
638 3 415 734
639 3 341 1130
640 3 474 903
641 3 671 634
642 2 401 1038
643 3 52 913
644 2 560 1113
645 2 622 1069
646 3 416 1060
647 3 601 970
648 3 119 838
649 2 544 1119
650 3 489 1163
651 3 80 1140
652 2 75 576
653 4 695 1111
654 2 272 539
655 2 668 1099
656 2 401 1155
657 2 163 1061
658 3 483 822
659 1 564 1123
660 2 428 1340
661 2 49 797
662 3 206 660
663 2 218 885
664 2 695 889
665 3 385 1386
666 4 29 852
667 2 506 904
668 3 119 878
669 2 576 1114
670 2 38 996
671 2 141 750
672 3 423 1321
673 2 628 897
674 2 698 1118
675 4 547 1128
676 3 398 1239
677 2 433 931
678 4 104 772
679 2 522 1177
680 3 572 1108
681 2 302 858
682 3 382 849
683 2 583 1033
684 3 423 1251
685 2 170 1007
686 2 490 872
687 2 432 1156
688 3 546 1258
689 2 658 1255
690 3 525 741
691 2 435 791
692 4 417 678
693 2 618 1088
694 2 489 1133
695 3 331 1096
696 2 406 1239
697 4 149 940
698 3 24 1133
699 3 44 1027
