Number of jobs
60
Job data (job number, processing time, weight, due date)
0 2 33 81
1 3 10 70
2 4 32 84
3 3 12 86
4 2 19 105
5 2 32 119
6 2 51 103
7 1 21 89
8 2 6 103
9 2 25 93
10 3 51 62
11 3 43 85
12 1 60 104
13 2 51 112
14 3 49 81
15 2 46 87
16 2 31 111
17 2 4 47
18 3 49 76
19 2 15 118
20 3 22 75
21 4 14 119
22 3 11 111
23 4 18 121
24 2 10 92
25 3 51 93
26 2 44 101
27 3 17 65
28 2 55 83
29 3 13 97
30 3 7 115
31 2 52 47
32 3 37 101
33 2 24 99
34 1 47 103
35 3 23 64
36 2 50 89
37 2 48 107
38 3 26 71
39 2 8 93
40 3 49 98
41 2 44 92
42 2 46 97
43 3 9 102
44 3 30 117
45 3 4 65
46 2 42 62
47 2 42 79
48 2 27 107
49 3 30 91
50 2 58 93
51 2 4 83
52 2 18 84
53 2 43 102
54 3 5 118
55 2 21 107
56 2 29 75
57 2 44 56
58 2 4 94
59 3 50 80
