Number of jobs
1000
Job data (job number, processing time, weight, due date)
0 3 599 1277
1 2 764 1563
2 2 600 853
3 2 732 1582
4 3 170 1124
5 3 809 1575
6 2 215 1314
7 2 595 1399
8 3 583 1581
9 2 754 981
10 3 868 1008
11 2 937 1319
12 2 15 1639
13 2 606 1955
14 3 970 1497
15 2 872 1847
16 2 186 1603
17 4 775 1719
18 2 189 1862
19 2 448 1487
20 2 700 1541
21 3 632 1271
22 2 59 1233
23 2 709 1602
24 3 335 1670
25 2 101 1050
26 2 450 925
27 2 855 1111
28 2 942 1337
29 3 923 630
30 2 521 1534
31 3 614 1036
32 2 280 1295
33 3 410 1885
34 3 671 1624
35 3 793 939
36 3 952 1500
37 2 599 1347
38 2 356 1331
39 2 693 1328
40 3 942 1056
41 2 404 1578
42 2 629 1226
43 3 764 1400
44 2 29 1449
45 3 356 1510
46 3 979 1888
47 2 781 1526
48 2 668 1462
49 2 41 1373
50 2 700 1525
51 3 801 1448
52 2 528 1689
53 2 674 1795
54 2 201 1221
55 3 624 1583
56 2 117 1849
57 2 678 1803
58 3 304 1715
59 3 216 1522
60 2 603 1533
61 2 673 1851
62 3 999 1123
63 2 838 1852
64 3 316 1792
65 2 863 1131
66 2 905 1591
67 2 419 1291
68 3 669 1108
69 3 55 1139
70 3 322 1686
71 3 748 1660
72 2 562 1832
73 3 749 1112
74 2 904 1838
75 2 849 653
76 3 485 1269
77 2 628 1177
78 3 860 1316
79 3 654 1721
80 3 393 1593
81 3 532 666
82 3 999 600
83 1 909 1386
84 2 934 1720
85 2 1000 1012
86 2 413 1275
87 4 799 1610
88 3 505 1303
89 3 556 1615
90 2 6 1268
91 3 766 1800
92 2 628 981
93 2 101 992
94 2 663 1182
95 2 333 1214
96 3 265 1342
97 2 795 1590
98 2 116 1332
99 3 589 661
100 2 13 1772
101 3 315 906
102 2 504 1156
103 2 813 1457
104 2 232 1602
105 2 799 1076
106 2 306 1869
107 3 749 1089
108 2 153 1260
109 3 102 1323
110 2 4 739
111 3 156 1550
112 2 977 1485
113 3 900 1629
114 2 721 1417
115 3 285 1482
116 3 7 1568
117 2 760 1638
118 3 305 1563
119 2 223 1805
120 2 376 1446
121 3 117 1301
122 2 306 1125
123 2 555 1524
124 2 950 940
125 3 794 1077
126 2 532 798
127 3 562 1765
128 2 796 1645
129 2 304 805
130 3 392 1468
131 2 106 1547
132 3 492 1409
133 3 108 1078
134 2 664 1994
135 3 889 1579
136 2 650 1433
137 2 426 1629
138 3 214 1460
139 2 921 1658
140 3 461 1504
141 2 615 1583
142 2 690 1223
143 3 619 1424
144 3 962 1337
145 3 984 1447
146 2 38 1292
147 4 825 1618
148 2 981 816
149 3 475 1322
150 2 73 1074
151 2 131 1853
152 2 489 1882
153 3 773 1245
154 2 795 1474
155 3 570 1761
156 3 996 1382
157 3 742 1283
158 2 513 1561
159 2 330 1967
160 3 692 851
161 3 512 1377
162 3 48 1539
163 3 603 1447
164 2 403 943
165 3 850 717
166 4 64 1372
167 2 925 1099
168 2 253 1243
169 2 372 1835
170 3 504 1262
171 2 510 1683
172 3 746 1316
173 2 470 1740
174 2 628 691
175 2 322 1183
176 2 591 830
177 3 152 1587
178 2 305 1848
179 2 332 1726
180 2 575 1672
181 2 409 1724
182 2 227 1345
183 3 741 1058
184 3 405 1692
185 2 617 1494
186 3 47 1534
187 3 138 1004
188 2 73 1171
189 2 839 1460
190 2 657 1676
191 3 732 1991
192 3 818 1016
193 5 473 1589
194 2 643 1800
195 3 998 878
196 2 207 1432
197 2 122 1117
198 3 361 1025
199 2 877 1648
200 2 463 1133
201 3 974 1045
202 3 559 1003
203 3 103 1871
204 3 205 1592
205 2 462 774
206 3 590 1609
207 3 877 1482
208 4 433 1415
209 2 351 1681
210 2 621 864
211 3 787 1554
212 3 395 1747
213 2 210 1422
214 3 591 1940
215 2 329 1387
216 3 122 1499
217 3 990 1650
218 3 858 1885
219 2 790 1689
220 2 637 1345
221 3 569 946
222 3 380 1659
223 3 225 1716
224 2 568 1230
225 2 444 1720
226 4 71 1317
227 1 353 687
228 4 295 1822
229 4 192 1365
230 2 694 1383
231 2 693 1831
232 3 749 801
233 4 649 1261
234 1 346 1778
235 2 306 1220
236 1 379 663
237 2 31 1745
238 3 748 1311
239 3 218 1622
240 3 694 902
241 2 863 1713
242 3 696 1162
243 3 988 1564
244 3 236 1445
245 2 845 1591
246 2 822 1014
247 2 984 1865
248 3 630 1271
249 3 433 1383
250 4 75 1645
251 2 673 1213
252 3 34 1072
253 3 285 848
254 3 371 1146
255 2 382 957
256 3 88 1173
257 3 469 1346
258 3 374 1923
259 1 285 1674
260 2 54 1811
261 2 772 1405
262 2 233 1780
263 2 616 849
264 2 97 1208
265 1 252 1091
266 4 901 887
267 2 1 1425
268 2 429 1342
269 3 2 1005
270 2 589 938
271 2 752 1682
272 2 571 977
273 4 595 1420
274 4 913 1952
275 2 74 1489
276 3 395 1597
277 2 863 1219
278 2 951 1903
279 3 165 1504
280 2 611 1662
281 3 885 1391
282 2 429 1754
283 2 303 1139
284 2 478 1595
285 3 859 1707
286 3 935 1246
287 3 951 1504
288 2 835 1483
289 3 464 1405
290 3 953 1652
291 2 18 1448
292 2 770 1662
293 2 782 1940
294 3 601 1729
295 2 566 1568
296 3 454 1860
297 2 656 1222
298 3 171 1644
299 2 680 1487
300 3 936 1522
301 3 744 1030
302 3 142 1543
303 3 718 1130
304 3 460 1176
305 2 8 1221
306 2 991 1946
307 2 105 1580
308 3 237 973
309 2 114 494
310 2 451 1628
311 2 667 1398
312 1 238 714
313 2 908 1258
314 4 506 1555
315 2 300 1202
316 3 207 1199
317 3 106 1575
318 2 569 1736
319 2 989 1143
320 2 183 1230
321 3 922 1661
322 2 166 1800
323 1 925 1939
324 4 441 1730
325 5 971 1793
326 2 573 1096
327 3 969 1392
328 2 60 1547
329 2 998 1362
330 2 167 1475
331 2 870 1336
332 3 868 1705
333 3 171 1655
334 3 81 1544
335 3 653 1429
336 2 781 1431
337 2 119 1387
338 2 818 976
339 2 745 1040
340 2 429 1577
341 3 772 1560
342 4 68 1165
343 3 206 1319
344 2 969 1848
345 2 573 1267
346 2 580 958
347 3 885 652
348 2 54 1507
349 2 929 929
350 2 84 1762
351 2 662 1269
352 2 876 858
353 2 759 1262
354 2 266 1721
355 3 461 1038
356 4 232 1472
357 4 161 1390
358 2 639 1347
359 2 329 1249
360 3 249 1886
361 3 916 1763
362 4 129 819
363 1 758 1861
364 2 613 1703
365 2 491 1485
366 2 37 1819
367 2 181 1338
368 3 185 1709
369 4 287 1597
370 2 745 1795
371 2 831 1171
372 3 238 1602
373 2 748 1901
374 3 752 1479
375 3 987 977
376 2 755 1399
377 3 384 1076
378 2 780 1115
379 3 340 1486
380 3 739 1955
381 3 202 1746
382 2 605 1186
383 5 569 1875
384 2 673 1783
385 3 671 1748
386 2 516 1348
387 3 110 558
388 3 210 1649
389 2 721 1712
390 2 434 1626
391 3 281 1746
392 2 765 1707
393 2 153 1336
394 2 11 1606
395 3 636 1429
396 2 248 1711
397 3 777 1583
398 2 506 1352
399 3 412 1215
400 3 929 1430
401 2 277 1489
402 2 56 1137
403 4 609 1167
404 2 509 1671
405 2 349 1958
406 2 125 1478
407 3 999 1718
408 2 932 1768
409 1 188 671
410 2 174 1555
411 3 444 1159
412 2 201 1477
413 1 727 1332
414 2 129 1245
415 3 163 1061
416 2 918 1591
417 3 56 751
418 2 105 1198
419 2 13 1522
420 2 286 1261
421 2 435 1210
422 2 225 883
423 2 374 1629
424 2 778 1184
425 2 773 1834
426 2 210 1466
427 3 163 1829
428 3 447 1621
429 2 548 1555
430 2 956 1377
431 2 795 1249
432 2 126 1558
433 3 445 1314
434 3 66 1181
435 2 506 1734
436 2 451 1259
437 2 785 1529
438 3 451 1723
439 2 260 1600
440 2 287 1567
441 2 519 1811
442 2 374 657
443 2 696 1777
444 4 406 1866
445 3 586 1538
446 2 779 1276
447 1 48 1736
448 3 102 574
449 3 565 1568
450 2 19 1506
451 2 828 1135
452 3 795 1755
453 2 307 1292
454 2 63 1915
455 2 932 1542
456 3 647 1299
457 2 65 1793
458 4 275 1625
459 2 187 1542
460 3 911 1572
461 3 354 1922
462 3 557 1767
463 2 830 836
464 2 776 1965
465 1 396 1257
466 2 893 1850
467 3 307 1364
468 2 634 645
469 2 83 1805
470 2 126 1322
471 3 637 1738
472 2 963 1451
473 2 2 1431
474 2 932 1807
475 2 316 591
476 3 974 1524
477 4 434 1820
478 4 202 1490
479 2 278 1060
480 2 802 1651
481 3 245 1467
482 3 975 1044
483 3 423 1021
484 3 22 1148
485 3 714 1643
486 5 194 1708
487 2 148 971
488 3 388 1307
489 2 883 1125
490 3 863 724
491 3 463 817
492 3 925 969
493 4 444 1320
494 4 791 1647
495 2 202 1868
496 4 352 1662
497 2 112 1732
498 4 556 1270
499 4 966 1523
500 2 874 1807
501 3 261 1197
502 2 891 1464
503 3 83 1765
504 2 103 1142
505 4 607 1661
506 1 940 1467
507 2 850 1535
508 3 119 998
509 3 811 1895
510 2 476 1773
511 2 760 1588
512 3 899 1406
513 2 916 1601
514 2 31 1891
515 3 428 1513
516 2 838 1488
517 3 398 1546
518 3 252 1908
519 3 397 1626
520 2 802 1673
521 3 633 1088
522 3 413 1762
523 2 993 409
524 2 151 1844
525 3 43 1095
526 2 908 1458
527 4 894 1836
528 3 69 956
529 3 331 1825
530 4 7 1578
531 3 794 1860
532 3 13 1560
533 2 771 1423
534 2 722 1963
535 2 205 1762
536 2 654 1488
537 2 13 1270
538 3 273 1705
539 2 293 873
540 2 311 1097
541 3 132 1594
542 2 34 1705
543 3 493 1714
544 2 856 1184
545 3 320 1519
546 3 30 1393
547 2 64 1326
548 3 773 1803
549 2 156 1146
550 3 392 1565
551 2 132 908
552 4 242 1595
553 3 828 1393
554 3 845 1863
555 2 361 1112
556 2 129 1537
557 4 413 1892
558 2 28 1855
559 2 575 1799
560 3 10 1383
561 4 54 1338
562 2 322 1600
563 2 38 1755
564 3 320 1821
565 3 406 1725
566 2 303 1631
567 2 967 1539
568 2 53 1387
569 2 792 1745
570 2 691 1647
571 3 312 1156
572 1 306 1526
573 4 41 1003
574 3 609 1629
575 3 848 1539
576 2 974 1647
577 2 635 1898
578 3 634 1324
579 4 326 1433
580 2 766 1514
581 2 233 724
582 3 68 1812
583 2 28 1650
584 3 222 1209
585 3 771 1176
586 3 239 1342
587 3 493 1385
588 2 279 1797
589 2 704 1133
590 2 88 923
591 3 898 899
592 2 818 1267
593 2 1 926
594 3 603 1721
595 2 11 1557
596 3 210 1326
597 2 502 1834
598 2 801 1488
599 2 376 1219
600 3 801 1410
601 2 735 1054
602 1 620 1609
603 3 21 950
604 2 887 1810
605 2 659 1580
606 2 646 1240
607 2 372 1246
608 3 26 1560
609 2 825 1749
610 2 86 1333
611 3 237 777
612 3 604 1515
613 3 881 1784
614 2 324 1637
615 3 51 1613
616 2 580 1727
617 2 19 1872
618 3 874 1688
619 2 71 1389
620 2 110 1175
621 3 506 1787
622 2 880 1317
623 3 149 1485
624 2 912 1294
625 3 412 1800
626 3 115 1917
627 3 874 1435
628 2 520 1061
629 2 989 1543
630 3 116 1659
631 2 130 1535
632 3 519 1692
633 2 688 1452
634 2 546 1053
635 3 72 1919
636 3 371 1167
637 3 988 627
638 2 986 1546
639 2 514 1921
640 3 986 1475
641 2 866 1487
642 2 771 1812
643 2 55 1586
644 4 401 1639
645 2 100 914
646 3 778 1502
647 2 598 1275
648 3 578 1463
649 3 502 1625
650 3 805 1816
651 3 540 1491
652 2 636 1074
653 1 462 1318
654 2 417 1237
655 3 955 1300
656 2 573 1865
657 2 969 1722
658 3 631 1724
659 3 148 1142
660 3 26 823
661 2 594 1710
662 2 101 1741
663 4 309 1419
664 2 321 1643
665 2 53 1642
666 3 466 1382
667 2 206 1343
668 2 696 1698
669 2 317 1220
670 2 588 1351
671 2 702 986
672 2 851 1592
673 2 1 1438
674 4 37 1800
675 2 129 1682
676 2 647 1437
677 4 76 1627
678 2 921 1931
679 2 733 1819
680 3 353 955
681 2 533 1244
682 2 118 974
683 2 480 863
684 3 349 1558
685 2 829 1880
686 2 500 778
687 3 964 1176
688 2 973 1569
689 2 112 1715
690 2 496 1104
691 2 720 1537
692 2 884 1445
693 3 998 591
694 3 510 1216
695 3 534 1107
696 3 594 1420
697 2 67 1778
698 3 729 1407
699 2 274 855
700 2 246 1542
701 2 328 1351
702 3 366 1439
703 3 756 1456
704 2 97 1912
705 2 356 685
706 3 527 1878
707 3 546 1299
708 3 237 1888
709 4 159 1447
710 2 681 1121
711 2 879 1116
712 2 196 1307
713 2 545 1290
714 1 618 1336
715 2 42 1517
716 3 872 1369
717 2 778 1601
718 2 719 1707
719 1 685 1664
720 2 381 1530
721 2 306 1607
722 2 883 1439
723 2 924 1523
724 2 412 1715
725 3 298 1599
726 2 579 1367
727 2 645 1367
728 3 438 677
729 3 645 1456
730 2 751 1368
731 2 587 1612
732 2 617 1107
733 2 492 1646
734 2 587 1284
735 2 352 891
736 2 654 1621
737 2 99 878
738 2 513 1211
739 2 145 1115
740 2 435 1639
741 3 199 1262
742 3 674 640
743 3 559 1477
744 4 779 1036
745 3 441 1258
746 2 889 1336
747 4 85 1676
748 3 667 1862
749 2 348 763
750 3 688 1757
751 2 275 1514
752 3 230 1606
753 2 427 459
754 2 230 1016
755 3 946 1397
756 3 800 1284
757 3 490 1760
758 3 856 1563
759 2 589 1772
760 3 770 1339
761 2 550 1825
762 2 595 1531
763 3 352 1782
764 3 769 1034
765 3 571 1727
766 2 949 1238
767 2 77 1366
768 2 876 1495
769 3 726 1860
770 2 104 1368
771 2 822 1397
772 2 90 1920
773 3 31 1365
774 3 882 1778
775 2 809 791
776 3 920 1399
777 2 419 1280
778 3 79 573
779 3 350 1311
780 3 315 1204
781 3 143 1320
782 3 321 868
783 2 917 1577
784 2 453 1739
785 3 486 1201
786 2 949 844
787 3 683 1573
788 3 928 1685
789 3 987 1299
790 2 366 1611
791 3 846 1787
792 3 165 1234
793 4 696 1395
794 2 339 1629
795 4 808 1573
796 2 669 1370
797 2 610 1885
798 2 581 1273
799 3 480 1722
800 2 134 1536
801 3 619 1682
802 1 331 1881
803 3 193 1006
804 2 999 1038
805 3 152 1385
806 2 422 1557
807 4 864 974
808 3 822 1049
809 3 921 1313
810 3 406 1740
811 3 587 1410
812 2 257 1149
813 2 213 1280
814 3 11 1431
815 2 758 500
816 3 692 1732
817 2 33 1850
818 3 863 1656
819 3 842 1216
820 2 693 1717
821 2 610 1746
822 2 543 1569
823 3 42 1209
824 2 932 1758
825 3 967 1006
826 2 665 1267
827 3 661 1174
828 2 90 1379
829 2 599 1708
830 3 136 1569
831 4 898 1558
832 2 209 971
833 2 307 1270
834 2 45 989
835 4 725 1501
836 2 841 1283
837 3 936 1574
838 2 12 1062
839 3 687 1220
840 3 783 1237
841 3 900 1231
842 2 178 811
843 2 599 1422
844 3 413 1772
845 3 254 1828
846 2 240 1852
847 3 616 1292
848 2 477 1338
849 3 8 1540
850 2 145 1261
851 3 908 1105
852 1 669 1905
853 2 151 1034
854 3 284 755
855 3 166 779
856 3 491 1863
857 3 215 1622
858 1 668 1439
859 2 629 1455
860 2 259 1642
861 2 940 1034
862 2 648 1559
863 2 620 888
864 2 488 979
865 3 378 1604
866 2 267 1551
867 3 421 1108
868 2 6 864
869 3 450 1930
870 3 451 1407
871 3 758 1489
872 2 229 1683
873 3 409 840
874 4 288 1882
875 2 719 1799
876 3 104 1758
877 3 533 1178
878 2 102 1629
879 2 57 1346
880 3 81 1699
881 3 591 1859
882 3 178 1792
883 1 610 1180
884 2 639 1837
885 2 865 1307
886 2 82 1304
887 3 362 1792
888 3 475 908
889 2 480 1277
890 4 756 652
891 2 367 1564
892 3 748 1898
893 2 128 1701
894 2 691 1283
895 3 621 1597
896 2 337 1435
897 2 656 1415
898 2 763 1627
899 2 637 1577
900 2 66 1451
901 3 719 1465
902 2 857 1098
903 3 78 1804
904 3 164 1489
905 4 917 1151
906 2 98 1796
907 2 902 1263
908 2 644 1456
909 3 945 1617
910 3 858 1695
911 4 222 698
912 2 83 1700
913 2 681 1401
914 2 382 1136
915 2 432 1665
916 2 524 1769
917 3 7 1175
918 2 682 1484
919 3 864 1248
920 2 131 1305
921 3 286 1573
922 4 111 1428
923 4 551 1506
924 3 797 1698
925 2 30 1638
926 3 703 962
927 3 241 1596
928 2 594 1744
929 2 357 1264
930 2 868 1798
931 2 608 1655
932 3 949 1707
933 1 346 1395
934 4 159 1680
935 2 372 946
936 3 218 1863
937 2 21 1290
938 3 285 1262
939 3 410 1280
940 2 49 1622
941 3 80 1521
942 2 353 1511
943 1 818 1909
944 3 216 1863
945 3 272 1417
946 4 416 1524
947 3 313 1507
948 3 405 874
949 2 283 1403
950 2 628 1484
951 2 161 1890
952 2 99 1416
953 2 462 1222
954 2 871 1257
955 2 286 756
956 2 875 1582
957 1 571 777
958 3 638 1459
959 4 909 1144
960 2 979 1896
961 2 507 1817
962 2 560 1234
963 2 6 1821
964 2 46 1448
965 2 935 620
966 2 162 895
967 3 241 1234
968 2 41 1135
969 2 32 1775
970 2 561 1664
971 2 627 1451
972 2 290 930
973 2 873 1221
974 3 896 1906
975 4 13 1262
976 1 153 1679
977 3 263 1094
978 3 76 1012
979 3 43 596
980 3 340 1214
981 3 220 1449
982 3 671 1436
983 2 151 1223
984 3 907 1653
985 3 108 1351
986 2 555 1450
987 3 588 1914
988 2 491 1742
989 1 294 1452
990 2 303 1434
991 2 448 1655
992 2 923 1548
993 4 165 694
994 1 381 1735
995 4 19 1527
996 2 421 1251
997 2 32 1392
998 2 33 1821
999 3 947 1738
