Number of jobs
900
Job data (job number, processing time, weight, due date)
0 3 517 1647
1 2 397 1131
2 2 269 1334
3 3 727 1530
4 3 21 819
5 3 830 1146
6 3 67 1133
7 2 555 1558
8 2 675 1524
9 1 342 1178
10 2 337 957
11 1 794 1502
12 2 89 1619
13 3 447 1453
14 4 536 805
15 2 51 1381
16 3 606 1561
17 2 668 1565
18 2 598 1592
19 3 539 1623
20 2 638 1517
21 2 729 1391
22 2 355 1130
23 2 300 1653
24 3 474 1184
25 2 571 1655
26 2 732 1358
27 2 438 1617
28 2 607 1457
29 3 35 761
30 3 395 940
31 2 836 1284
32 2 564 1415
33 3 371 1274
34 2 357 1685
35 2 461 1376
36 2 863 1484
37 2 648 1185
38 2 495 1420
39 3 579 1651
40 2 562 1533
41 2 336 1535
42 2 704 1429
43 2 446 1441
44 2 817 1069
45 2 36 1564
46 3 348 1291
47 4 702 1339
48 3 11 1315
49 2 5 692
50 2 836 1270
51 2 853 1663
52 2 140 1322
53 3 649 1780
54 2 252 1658
55 2 740 1465
56 3 100 1651
57 2 308 1521
58 2 178 1542
59 2 388 1335
60 4 245 1402
61 2 381 1183
62 1 701 1318
63 2 278 1532
64 2 710 1523
65 2 809 1159
66 2 506 1137
67 3 223 1626
68 2 170 1250
69 2 199 1689
70 2 335 1317
71 3 317 1578
72 1 127 1183
73 2 730 1742
74 2 816 1423
75 3 850 1224
76 4 141 1423
77 2 243 1295
78 3 815 1402
79 4 121 1412
80 2 46 1205
81 2 484 997
82 3 504 1105
83 3 540 1736
84 2 308 1462
85 2 86 396
86 2 574 824
87 3 384 1483
88 2 413 1072
89 3 544 1375
90 2 760 718
91 3 18 1054
92 3 636 1125
93 3 46 1090
94 3 332 1152
95 2 874 526
96 3 352 1193
97 2 283 1247
98 3 146 827
99 3 856 854
100 2 577 1616
101 2 520 1465
102 3 594 1057
103 3 285 1274
104 3 514 1652
105 1 525 1441
106 2 206 1527
107 2 789 1370
108 3 294 1583
109 3 185 1480
110 2 317 1629
111 4 657 1429
112 2 384 1320
113 1 383 1641
114 3 651 1626
115 2 2 1636
116 3 615 1687
117 2 422 1363
118 3 899 1333
119 2 660 1051
120 2 14 1111
121 2 370 1364
122 4 331 1513
123 2 576 1244
124 4 802 1278
125 3 514 1350
126 3 308 1443
127 3 282 1485
128 2 194 1337
129 4 469 1409
130 2 725 1564
131 2 355 1664
132 2 346 1474
133 3 68 1230
134 2 378 1675
135 2 596 1429
136 2 281 1287
137 2 523 1520
138 3 318 1480
139 2 782 1294
140 3 709 1602
141 2 61 500
142 2 131 1268
143 1 325 1267
144 2 144 1231
145 3 289 1702
146 3 72 1308
147 2 564 1169
148 4 724 1583
149 2 132 1184
150 2 582 1279
151 3 842 739
152 3 640 1045
153 3 525 1399
154 1 303 1376
155 2 23 791
156 2 446 1242
157 3 610 1275
158 2 617 1363
159 3 768 844
160 4 451 1384
161 2 287 1608
162 3 7 1200
163 2 241 1332
164 4 429 1388
165 3 598 1544
166 2 166 1465
167 2 220 1434
168 3 663 837
169 3 441 1058
170 3 134 1304
171 3 7 1470
172 2 250 1134
173 3 77 1276
174 4 123 1701
175 3 794 1238
176 1 558 1053
177 2 99 1660
178 2 73 711
179 3 318 1726
180 3 432 1225
181 3 532 1740
182 3 34 1045
183 3 774 1523
184 4 580 1121
185 3 354 1323
186 2 382 1111
187 2 886 1518
188 2 708 566
189 2 823 1317
190 3 371 1233
191 3 839 1232
192 2 269 679
193 3 667 885
194 2 638 1634
195 3 528 1437
196 3 326 1694
197 3 676 1183
198 2 705 1393
199 2 845 1644
200 3 408 1464
201 3 731 1309
202 2 168 819
203 2 405 1508
204 2 503 1221
205 2 282 1239
206 2 221 1240
207 2 17 1186
208 3 370 1154
209 2 327 1068
210 2 476 788
211 2 631 1706
212 2 309 1320
213 3 182 706
214 2 146 1439
215 3 672 1512
216 2 99 769
217 2 57 1292
218 2 254 705
219 3 672 1409
220 3 663 1190
221 3 339 966
222 3 439 1243
223 2 498 1678
224 2 859 998
225 4 146 1104
226 2 573 521
227 3 800 1456
228 3 500 1632
229 2 505 1388
230 2 247 1331
231 2 819 1688
232 2 202 1537
233 3 767 1745
234 3 798 1081
235 2 188 1549
236 3 63 1639
237 3 354 1024
238 2 151 1454
239 2 536 1561
240 2 230 466
241 3 659 1202
242 3 651 1618
243 2 50 1576
244 2 789 1309
245 3 12 1243
246 3 614 1011
247 1 738 1495
248 2 375 1050
249 3 666 1085
250 3 550 1419
251 2 328 1271
252 2 683 1280
253 2 95 1358
254 3 611 1417
255 3 186 705
256 1 771 1173
257 2 144 1551
258 3 303 1747
259 2 214 1581
260 3 687 1462
261 2 348 1159
262 2 734 1411
263 2 446 1451
264 2 137 518
265 3 137 1549
266 4 107 1334
267 3 438 1504
268 4 840 1741
269 3 71 720
270 2 355 1610
271 2 361 936
272 1 148 922
273 3 180 1706
274 2 874 1353
275 3 893 873
276 1 719 482
277 2 370 1202
278 3 599 852
279 1 653 1419
280 3 451 1624
281 3 514 1383
282 3 38 1573
283 3 893 1278
284 3 36 1375
285 3 479 624
286 3 105 1284
287 2 869 1572
288 3 707 464
289 2 899 1548
290 4 211 1715
291 3 763 1304
292 2 254 787
293 3 769 876
294 1 100 1380
295 1 381 1222
296 3 227 1280
297 1 334 1322
298 2 489 1583
299 2 504 1142
300 2 889 1446
301 2 49 1405
302 2 553 914
303 3 53 927
304 2 282 1589
305 3 65 1634
306 2 31 1496
307 2 368 1457
308 2 329 855
309 3 349 878
310 3 228 724
311 2 232 1658
312 1 679 1488
313 2 105 1708
314 2 506 802
315 2 646 1371
316 2 30 451
317 2 47 1412
318 3 57 1269
319 2 39 1230
320 2 459 1207
321 2 587 1030
322 2 178 1485
323 2 628 1214
324 2 397 1533
325 2 698 1621
326 3 342 1582
327 2 350 1644
328 2 869 1187
329 3 29 1372
330 2 623 1239
331 3 684 1685
332 3 7 1048
333 2 280 613
334 2 108 1636
335 3 237 1488
336 2 69 1381
337 3 736 900
338 2 541 1668
339 2 814 1303
340 2 744 1266
341 2 130 1753
342 2 145 1345
343 2 284 1628
344 2 337 1071
345 3 754 1410
346 2 727 1174
347 3 391 1542
348 3 765 1718
349 3 227 1658
350 3 268 961
351 2 864 1715
352 2 504 742
353 2 160 1327
354 2 163 1568
355 2 95 979
356 4 865 1168
357 3 774 1034
358 3 733 1307
359 2 598 1724
360 2 763 1503
361 3 352 1663
362 3 36 1645
363 2 538 1228
364 2 245 1188
365 2 212 807
366 2 814 1252
367 2 557 1596
368 3 878 1511
369 2 578 946
370 3 896 1543
371 3 729 1578
372 3 389 1293
373 2 729 1264
374 1 24 1448
375 4 471 1752
376 3 391 653
377 2 111 923
378 3 310 1680
379 3 790 1354
380 3 273 1517
381 2 16 1239
382 3 64 1539
383 3 168 1346
384 4 228 1430
385 2 15 1373
386 3 494 1642
387 2 365 1215
388 2 517 1746
389 3 401 1175
390 3 328 1480
391 2 547 1346
392 3 123 1064
393 1 510 1300
394 4 103 1610
395 3 614 1543
396 2 710 752
397 3 495 1140
398 2 141 755
399 3 628 1502
400 3 618 1541
401 2 168 1485
402 3 561 1153
403 2 217 1696
404 2 406 1628
405 2 868 1714
406 3 800 1181
407 2 221 1149
408 2 666 1617
409 3 457 1067
410 3 346 1239
411 2 687 1457
412 3 899 858
413 2 67 1622
414 2 149 730
415 2 260 1214
416 2 454 809
417 3 717 882
418 2 141 1416
419 3 338 1375
420 1 123 1446
421 2 550 1416
422 2 123 1116
423 1 320 1663
424 3 321 900
425 3 309 1607
426 3 120 1579
427 2 475 864
428 2 739 1306
429 2 872 1407
430 2 406 1498
431 3 171 1529
432 3 725 1321
433 2 242 1112
434 3 286 1469
435 2 323 1191
436 2 381 1500
437 3 177 1709
438 2 699 1338
439 2 563 1001
440 2 492 967
441 2 474 1234
442 3 189 986
443 3 11 1265
444 3 295 1195
445 2 430 1231
446 2 889 1084
447 2 378 1350
448 2 285 1124
449 3 74 1597
450 3 174 1014
451 2 579 1463
452 3 414 1678
453 2 382 1218
454 3 158 1179
455 2 671 862
456 3 840 752
457 2 184 1140
458 1 282 1639
459 2 770 1098
460 2 466 1430
461 3 711 1312
462 3 711 1594
463 2 787 1630
464 2 672 1235
465 3 272 1540
466 2 462 1492
467 4 857 1452
468 3 276 1617
469 2 381 1742
470 4 257 1395
471 3 769 1543
472 2 85 1103
473 3 3 1319
474 4 469 1738
475 3 664 328
476 2 299 1230
477 2 266 1566
478 3 882 1485
479 3 692 908
480 3 383 1569
481 3 520 1646
482 2 713 775
483 4 214 819
484 1 82 1070
485 3 401 1254
486 4 130 1144
487 3 303 1367
488 3 627 1339
489 2 793 1401
490 3 736 1366
491 2 31 1656
492 3 390 1258
493 2 130 764
494 3 634 1703
495 2 715 1078
496 3 201 1502
497 2 302 1149
498 3 558 1516
499 2 552 1733
500 2 815 1654
501 3 160 1570
502 3 570 1584
503 3 745 1155
504 3 672 1139
505 2 648 1488
506 3 865 776
507 2 206 1339
508 3 866 1004
509 2 208 1487
510 3 812 1456
511 2 456 1393
512 2 197 959
513 3 768 839
514 2 307 1385
515 3 697 1697
516 3 676 1670
517 4 598 572
518 2 335 1366
519 2 415 465
520 3 3 1624
521 1 35 1642
522 3 752 1104
523 2 391 1019
524 3 880 1319
525 3 134 843
526 1 828 1716
527 3 154 1428
528 1 121 1526
529 2 900 1152
530 3 484 748
531 4 29 884
532 3 573 713
533 3 222 847
534 2 115 1407
535 3 265 1055
536 2 154 926
537 2 156 1249
538 1 222 1153
539 2 486 1426
540 2 229 1597
541 2 126 409
542 2 736 1034
543 3 500 1406
544 3 715 1476
545 2 112 1179
546 3 509 904
547 3 647 1213
548 3 329 1294
549 3 749 1040
550 2 895 1109
551 3 155 1303
552 1 724 801
553 3 337 904
554 3 395 1343
555 3 153 723
556 3 412 975
557 3 190 1380
558 2 510 650
559 3 73 994
560 1 300 1424
561 2 8 963
562 4 104 1711
563 4 547 1328
564 3 331 1067
565 4 696 1793
566 2 282 1565
567 1 229 1158
568 2 718 1418
569 3 848 917
570 1 417 1673
571 3 845 1149
572 2 355 989
573 2 342 1490
574 3 104 1355
575 2 774 1030
576 3 103 1465
577 3 727 1580
578 1 237 1650
579 2 132 1426
580 2 709 1056
581 3 722 1350
582 2 542 619
583 2 424 1545
584 3 586 1570
585 4 199 1420
586 4 324 1242
587 3 68 1287
588 3 125 1575
589 3 49 1328
590 2 888 956
591 2 691 1048
592 3 828 1486
593 2 827 1539
594 2 691 879
595 2 49 1257
596 3 856 1217
597 2 756 777
598 3 186 1139
599 2 476 1379
600 3 683 1436
601 3 204 954
602 2 440 1082
603 2 72 1715
604 2 442 967
605 3 641 1494
606 2 656 874
607 1 637 1520
608 1 6 1318
609 2 177 1514
610 3 108 944
611 2 584 1303
612 4 444 1434
613 2 113 1380
614 2 445 1125
615 2 289 811
616 3 280 1071
617 2 427 1058
618 4 657 900
619 4 7 1192
620 3 478 1031
621 4 593 1148
622 2 506 1302
623 2 77 1260
624 2 468 1502
625 2 216 1696
626 3 506 956
627 4 433 1218
628 2 15 1460
629 3 363 942
630 3 590 1307
631 2 523 1372
632 2 625 1478
633 2 771 859
634 3 294 1291
635 1 612 1256
636 3 668 893
637 2 560 1135
638 2 114 783
639 3 289 1708
640 1 433 1109
641 2 770 1291
642 3 318 1455
643 2 239 1026
644 3 299 1255
645 4 872 1453
646 3 817 1407
647 1 5 603
648 2 712 1008
649 4 504 887
650 2 70 1018
651 4 133 1429
652 2 532 1376
653 3 321 1635
654 2 785 918
655 2 60 1690
656 2 897 1377
657 2 196 1508
658 2 651 1319
659 2 450 1358
660 3 842 888
661 3 781 1015
662 3 388 859
663 3 363 939
664 3 148 1614
665 3 607 742
666 2 16 1594
667 2 431 1231
668 2 106 1285
669 2 42 1062
670 2 649 1555
671 3 205 1223
672 3 139 1406
673 3 401 1289
674 3 639 1031
675 2 68 1360
676 2 889 1484
677 3 711 1453
678 3 623 1609
679 3 96 1610
680 4 505 855
681 2 522 1390
682 3 644 1558
683 2 217 1040
684 3 792 1034
685 2 588 1158
686 3 55 1176
687 2 640 1386
688 3 421 997
689 4 1 836
690 2 766 1372
691 3 254 220
692 3 341 1307
693 2 86 1295
694 2 225 1243
695 3 455 1157
696 2 98 1438
697 3 552 1259
698 2 230 1057
699 2 303 1495
700 2 62 1284
701 2 839 1031
702 2 255 1079
703 4 845 1683
704 2 399 1744
705 3 151 715
706 4 831 1386
707 3 256 1151
708 3 725 1309
709 3 463 1639
710 4 452 1300
711 2 631 1603
712 3 896 1315
713 2 738 463
714 2 238 1363
715 3 4 1509
716 4 617 1594
717 2 380 1436
718 4 540 1615
719 2 681 1667
720 3 512 891
721 3 698 1238
722 4 649 1581
723 3 100 1006
724 2 740 1038
725 3 77 1050
726 3 437 1299
727 3 534 731
728 3 897 1119
729 3 372 1605
730 3 17 1543
731 4 434 1503
732 2 753 581
733 4 52 1050
734 2 347 1679
735 2 181 930
736 3 49 1684
737 2 405 1602
738 3 514 1755
739 2 752 1743
740 2 836 1594
741 2 808 1595
742 3 736 691
743 2 671 604
744 3 169 1022
745 4 339 839
746 4 309 1553
747 2 256 1272
748 2 339 1089
749 4 429 1421
750 4 824 1530
751 2 36 1482
752 2 226 1583
753 3 261 1555
754 2 139 1304
755 2 349 1375
756 2 792 969
757 2 780 1343
758 3 209 1372
759 2 402 758
760 3 445 1141
761 3 34 1079
762 3 329 1062
763 2 127 1389
764 2 421 1566
765 3 584 1728
766 3 406 1206
767 4 394 1574
768 2 360 995
769 2 184 1423
770 2 780 1323
771 3 438 924
772 2 795 1559
773 4 414 1294
774 2 294 888
775 2 262 1566
776 2 791 860
777 3 657 991
778 2 589 1213
779 2 230 1168
780 4 55 900
781 2 682 1598
782 2 280 1401
783 4 811 1630
784 3 587 1488
785 4 389 1274
786 1 254 1136
787 3 537 1503
788 2 698 1353
789 2 370 1550
790 3 99 1382
791 2 847 1244
792 3 219 1690
793 2 869 852
794 3 300 1608
795 2 834 1511
796 2 708 1372
797 3 885 1696
798 4 459 959
799 3 753 790
800 3 683 1116
801 3 621 1691
802 3 202 1258
803 2 620 1576
804 3 580 1196
805 2 397 1222
806 3 531 777
807 3 888 1475
808 2 833 1285
809 3 703 1062
810 3 887 1789
811 3 625 975
812 2 35 1125
813 4 548 1715
814 4 794 1572
815 2 559 997
816 2 6 1395
817 2 327 1167
818 2 4 717
819 2 756 1649
820 3 118 943
821 2 794 1748
822 2 306 1318
823 2 685 1344
824 3 397 1733
825 4 555 1447
826 2 449 1329
827 2 514 1516
828 2 564 822
829 3 140 1629
830 4 10 1481
831 3 795 1456
832 2 80 909
833 3 884 496
834 2 832 1412
835 2 756 680
836 3 182 1078
837 3 813 1465
838 3 439 1339
839 2 103 885
840 2 675 1648
841 3 652 1115
842 2 748 1535
843 3 349 717
844 2 417 1524
845 3 754 1203
846 3 93 1654
847 2 110 1248
848 2 122 310
849 2 294 1504
850 1 366 475
851 2 701 934
852 4 137 1424
853 2 150 856
854 2 552 1187
855 4 878 997
856 3 609 1180
857 2 427 1677
858 2 226 1306
859 4 342 1517
860 4 226 1266
861 2 741 1366
862 3 6 1459
863 3 487 1370
864 2 5 1647
865 3 698 1257
866 3 522 1166
867 4 726 1641
868 2 812 1591
869 1 282 1689
870 2 463 1596
871 3 336 1401
872 2 138 1038
873 3 596 1585
874 2 36 1560
875 2 734 1623
876 3 337 1711
877 2 681 1630
878 2 230 851
879 3 57 1474
880 3 298 1023
881 3 525 1063
882 2 368 1449
883 2 247 1225
884 3 157 1391
885 3 67 1006
886 2 65 1196
887 1 783 1399
888 3 154 1165
889 2 804 1518
890 2 12 1451
891 2 347 1713
892 3 102 1477
893 2 535 1493
894 3 153 1360
895 2 343 1683
896 3 62 1423
897 2 73 1746
898 2 160 1154
899 4 6 1583
