Number of jobs
600
Job data (job number, processing time, weight, due date)
0 3 180 958
1 2 311 1105
2 3 285 938
3 3 427 965
4 2 417 999
5 2 297 621
6 2 287 632
7 3 90 611
8 2 256 1001
9 3 152 587
10 2 247 785
11 3 278 928
12 2 394 802
13 2 367 939
14 2 152 661
15 2 379 1053
16 2 367 361
17 4 360 531
18 3 392 742
19 2 454 1066
20 2 337 1029
21 2 543 893
22 3 434 939
23 2 564 827
24 1 380 1093
25 3 285 909
26 3 265 1150
27 2 229 649
28 2 138 786
29 2 145 895
30 2 566 715
31 2 213 884
32 1 276 858
33 2 565 834
34 3 229 543
35 2 23 774
36 2 324 1017
37 2 349 1142
38 2 170 948
39 2 92 893
40 3 169 769
41 3 420 699
42 2 386 796
43 3 390 910
44 3 37 1099
45 2 501 856
46 2 359 709
47 2 292 831
48 3 81 603
49 3 203 1153
50 3 476 628
51 2 432 946
52 3 542 725
53 2 416 1041
54 3 359 911
55 1 83 801
56 2 91 619
57 4 62 886
58 2 70 1032
59 3 271 837
60 2 8 776
61 2 306 957
62 3 335 958
63 3 480 945
64 3 154 1001
65 3 297 825
66 2 189 814
67 2 2 631
68 3 164 906
69 2 320 1100
70 4 530 954
71 2 397 1098
72 3 349 817
73 3 254 797
74 3 571 1035
75 2 419 1135
76 2 114 867
77 3 535 869
78 3 377 1050
79 2 443 634
80 2 384 645
81 3 175 1012
82 2 421 790
83 1 233 1065
84 3 455 884
85 3 176 968
86 2 295 1038
87 4 471 849
88 2 447 1101
89 3 270 190
90 2 305 1042
91 2 536 1048
92 2 439 553
93 2 523 843
94 2 405 988
95 2 137 850
96 2 87 363
97 3 431 1041
98 2 463 954
99 2 52 959
100 3 439 1058
101 3 378 930
102 2 241 1012
103 2 275 948
104 2 92 1127
105 2 491 889
106 2 566 628
107 3 391 617
108 2 538 1078
109 2 376 873
110 3 269 678
111 3 283 740
112 2 568 773
113 2 127 442
114 2 287 672
115 4 347 914
116 2 157 746
117 3 3 724
118 2 533 863
119 2 445 466
120 3 330 806
121 3 251 843
122 2 89 1004
123 3 309 870
124 2 264 376
125 3 580 1077
126 2 13 761
127 2 519 1050
128 4 321 1027
129 2 64 955
130 3 287 1004
131 2 282 656
132 2 187 1154
133 2 363 1029
134 3 448 699
135 3 469 765
136 3 226 1051
137 4 414 855
138 2 347 1177
139 3 162 1071
140 3 215 903
141 2 450 852
142 2 435 961
143 4 147 652
144 2 545 636
145 3 148 1063
146 2 484 893
147 2 506 795
148 2 224 1006
149 3 589 1102
150 2 169 986
151 2 39 962
152 2 518 999
153 3 265 983
154 2 70 431
155 3 378 1076
156 3 180 542
157 3 27 582
158 3 370 634
159 3 104 626
160 4 289 513
161 3 44 1127
162 3 537 991
163 3 534 795
164 3 388 1099
165 2 448 988
166 2 304 938
167 2 64 1002
168 3 68 587
169 3 572 888
170 3 583 1010
171 3 88 815
172 2 31 531
173 2 130 1046
174 2 282 1070
175 3 595 953
176 3 455 1194
177 3 524 1003
178 2 138 595
179 3 591 1022
180 2 24 454
181 2 559 953
182 4 460 997
183 4 187 555
184 1 237 697
185 2 589 982
186 2 477 934
187 3 418 915
188 3 323 640
189 2 520 739
190 2 329 899
191 2 90 1105
192 3 299 999
193 3 365 804
194 3 419 979
195 2 19 550
196 2 172 791
197 2 171 910
198 3 445 915
199 2 268 472
200 2 63 749
201 2 150 880
202 2 440 742
203 2 470 705
204 2 135 964
205 4 573 830
206 2 238 882
207 2 461 1124
208 2 236 980
209 3 74 851
210 2 77 798
211 2 593 908
212 2 483 806
213 3 281 1151
214 2 40 681
215 2 499 982
216 3 213 603
217 1 363 1123
218 3 555 769
219 2 412 827
220 2 354 852
221 3 434 683
222 3 457 789
223 3 456 398
224 2 419 978
225 3 365 515
226 3 531 245
227 2 560 1032
228 3 115 1056
229 2 596 1084
230 4 391 1043
231 2 223 902
232 5 192 737
233 2 514 931
234 4 88 1031
235 2 425 880
236 2 449 1067
237 4 158 788
238 2 580 929
239 3 218 708
240 2 368 1104
241 3 306 887
242 2 325 919
243 2 524 1135
244 3 355 702
245 3 190 605
246 2 260 1148
247 2 184 657
248 2 75 998
249 3 76 1165
250 1 197 1124
251 2 153 986
252 2 439 828
253 2 246 927
254 2 377 1009
255 2 379 741
256 2 330 694
257 3 227 1020
258 3 77 918
259 3 511 1051
260 4 275 780
261 2 416 744
262 2 545 1070
263 3 570 1083
264 2 375 890
265 2 246 1052
266 3 92 459
267 2 213 953
268 2 480 978
269 2 179 898
270 2 380 1113
271 2 158 772
272 2 417 855
273 1 140 864
274 4 246 684
275 2 100 990
276 3 584 859
277 2 278 1048
278 3 80 789
279 2 242 1047
280 2 61 215
281 2 72 1028
282 3 552 1033
283 3 542 978
284 2 600 805
285 3 225 906
286 2 519 1045
287 2 52 666
288 2 335 1080
289 3 346 888
290 2 90 399
291 2 356 760
292 2 334 741
293 4 267 1047
294 4 479 970
295 3 123 1108
296 2 356 753
297 4 569 893
298 2 352 1000
299 2 18 1006
300 3 335 843
301 2 390 742
302 4 97 791
303 2 151 831
304 1 188 599
305 3 531 581
306 3 461 1115
307 2 454 789
308 3 492 943
309 2 314 397
310 2 181 512
311 3 195 1020
312 3 528 1035
313 3 469 1056
314 2 88 674
315 3 495 799
316 3 406 815
317 3 229 918
318 3 569 608
319 4 539 1133
320 2 324 713
321 3 549 1130
322 2 521 903
323 2 16 740
324 3 263 556
325 2 519 1115
326 2 588 1048
327 2 19 604
328 2 142 911
329 3 404 831
330 3 353 885
331 2 163 674
332 3 202 882
333 4 231 1115
334 2 8 858
335 2 321 893
336 2 38 928
337 2 366 949
338 4 229 589
339 4 559 926
340 4 423 874
341 3 592 1091
342 2 424 902
343 3 584 684
344 2 57 960
345 2 127 775
346 3 148 907
347 2 245 740
348 2 25 751
349 2 243 832
350 2 461 727
351 2 358 1016
352 4 528 522
353 2 450 970
354 2 111 722
355 2 359 1078
356 2 345 874
357 2 107 660
358 3 201 1023
359 3 517 458
360 3 15 1047
361 2 204 845
362 3 325 545
363 4 344 829
364 2 330 950
365 3 223 1098
366 3 50 667
367 2 281 743
368 3 143 768
369 2 464 1058
370 2 596 900
371 3 595 1009
372 2 254 936
373 3 270 711
374 3 109 564
375 2 342 775
376 4 71 1043
377 3 250 1048
378 4 355 733
379 2 171 1091
380 2 106 986
381 2 123 856
382 3 78 437
383 4 186 1007
384 4 74 914
385 3 86 917
386 2 268 1011
387 3 42 283
388 2 326 510
389 2 77 819
390 2 464 924
391 4 70 886
392 2 560 895
393 2 60 697
394 3 33 766
395 3 113 931
396 3 240 701
397 3 115 702
398 2 15 1036
399 3 207 1053
400 3 576 852
401 2 346 978
402 2 528 950
403 2 234 797
404 4 331 876
405 2 144 1075
406 2 460 939
407 3 377 899
408 2 118 684
409 3 445 1023
410 2 99 821
411 2 389 1020
412 3 531 621
413 3 69 1082
414 3 254 712
415 2 307 842
416 3 188 1127
417 3 393 1104
418 2 66 1005
419 2 317 889
420 3 30 983
421 4 132 980
422 3 268 727
423 3 473 1054
424 3 395 748
425 2 193 605
426 3 396 773
427 3 420 971
428 2 244 847
429 3 442 1005
430 4 246 631
431 2 135 532
432 2 69 956
433 2 579 949
434 4 259 1007
435 3 75 1009
436 3 531 885
437 3 533 1151
438 4 345 910
439 2 554 749
440 2 9 843
441 3 42 1102
442 2 185 1068
443 3 15 1054
444 2 364 1050
445 2 87 657
446 2 13 750
447 2 98 605
448 2 254 872
449 2 45 889
450 3 425 549
451 2 459 838
452 3 166 1093
453 2 385 625
454 2 95 857
455 2 309 1163
456 2 29 966
457 2 135 1028
458 4 246 1184
459 3 130 843
460 4 445 907
461 3 9 1042
462 3 275 1098
463 3 346 762
464 3 572 713
465 2 576 807
466 3 134 905
467 2 274 967
468 2 251 972
469 1 199 860
470 2 364 352
471 2 86 888
472 3 405 749
473 2 524 1101
474 2 429 1141
475 3 81 242
476 2 305 962
477 3 93 555
478 2 337 963
479 3 367 425
480 2 489 855
481 2 392 525
482 3 230 689
483 3 31 1013
484 2 242 868
485 2 25 1141
486 2 463 800
487 5 204 796
488 3 471 633
489 3 264 949
490 1 586 1144
491 4 496 943
492 3 132 929
493 4 488 636
494 2 11 821
495 3 186 1077
496 3 69 679
497 2 242 1085
498 2 505 820
499 3 480 924
500 2 77 398
501 2 116 1181
502 3 202 1043
503 3 501 922
504 2 262 781
505 2 94 900
506 3 591 1009
507 4 402 1052
508 2 294 660
509 3 440 1172
510 2 269 1027
511 3 288 857
512 3 471 1190
513 4 294 692
514 3 315 984
515 3 49 1124
516 3 530 987
517 2 396 924
518 2 246 727
519 2 94 778
520 2 306 861
521 2 51 701
522 2 340 736
523 2 204 1074
524 3 73 389
525 2 483 1135
526 2 92 789
527 2 259 1082
528 3 575 682
529 3 23 1140
530 3 75 914
531 2 551 927
532 3 457 1037
533 2 83 1151
534 2 258 966
535 3 283 886
536 3 219 1050
537 2 284 1083
538 3 503 684
539 3 421 960
540 2 203 826
541 2 125 751
542 3 214 684
543 2 106 1092
544 5 540 927
545 2 87 874
546 2 321 795
547 3 58 869
548 1 207 954
549 4 30 859
550 2 82 1124
551 2 384 961
552 4 231 851
553 3 54 990
554 3 359 836
555 3 147 864
556 2 239 823
557 2 398 858
558 3 291 1053
559 2 101 948
560 3 174 944
561 2 600 555
562 2 71 844
563 3 233 1010
564 3 123 774
565 2 525 989
566 2 551 807
567 3 5 1047
568 2 90 1042
569 3 403 566
570 3 564 572
571 2 500 963
572 3 129 1059
573 2 301 697
574 3 307 697
575 3 167 558
576 2 299 544
577 2 341 910
578 3 539 1159
579 3 475 997
580 2 56 888
581 2 474 993
582 3 535 572
583 3 100 1038
584 3 84 830
585 3 483 907
586 2 75 840
587 3 358 1094
588 2 103 976
589 2 502 984
590 2 351 1045
591 2 401 634
592 3 129 1098
593 2 261 776
594 2 119 779
595 3 404 916
596 4 436 1083
597 3 97 786
598 2 212 721
599 2 359 809
