Number of jobs
500
Job data (job number, processing time, weight, due date)
0 2 145 584
1 3 132 734
2 4 154 847
3 2 20 451
4 2 247 673
5 2 166 725
6 2 304 543
7 3 499 990
8 3 140 836
9 2 342 640
10 3 282 687
11 3 473 754
12 2 64 730
13 2 156 481
14 3 11 862
15 3 346 736
16 4 475 764
17 3 417 810
18 4 486 648
19 3 126 837
20 2 327 621
21 3 332 821
22 3 127 593
23 2 117 878
24 2 310 480
25 2 461 655
26 2 1 797
27 2 320 774
28 3 383 565
29 2 66 760
30 4 97 884
31 3 112 528
32 3 94 862
33 2 71 804
34 3 483 572
35 2 132 949
36 2 485 637
37 3 171 558
38 2 485 409
39 2 109 642
40 2 285 592
41 4 302 758
42 2 26 861
43 4 292 826
44 4 48 577
45 1 196 920
46 2 130 713
47 2 112 863
48 3 349 502
49 2 388 851
50 2 371 537
51 3 380 849
52 3 194 732
53 3 243 918
54 2 451 704
55 3 139 653
56 2 317 978
57 3 83 738
58 4 229 634
59 3 179 600
60 1 349 619
61 4 249 834
62 4 454 915
63 3 32 716
64 2 206 902
65 3 487 472
66 4 232 821
67 2 480 884
68 1 184 835
69 3 184 781
70 2 315 609
71 3 348 943
72 3 186 684
73 2 495 706
74 2 456 676
75 4 431 843
76 3 325 848
77 2 35 969
78 2 65 548
79 2 258 860
80 2 20 653
81 2 333 822
82 2 500 875
83 3 272 598
84 2 267 896
85 2 128 573
86 2 368 773
87 2 242 710
88 3 230 829
89 2 314 687
90 2 145 835
91 3 74 922
92 3 221 604
93 3 165 529
94 3 439 630
95 2 66 642
96 3 182 945
97 3 56 832
98 2 42 862
99 3 276 536
100 3 386 650
101 4 432 402
102 3 385 687
103 1 494 780
104 3 217 435
105 2 34 734
106 3 166 588
107 2 362 906
108 2 311 416
109 2 219 720
110 3 374 497
111 3 19 774
112 2 8 772
113 2 115 927
114 2 117 746
115 2 315 342
116 3 59 720
117 2 292 353
118 3 28 779
119 2 38 731
120 2 237 659
121 3 108 875
122 3 3 778
123 2 417 719
124 3 259 837
125 3 402 777
126 2 45 767
127 3 18 746
128 3 67 926
129 2 289 626
130 2 227 714
131 3 102 735
132 3 306 523
133 2 291 845
134 2 233 831
135 3 448 856
136 3 279 905
137 3 252 373
138 2 416 940
139 2 264 807
140 3 371 911
141 2 490 935
142 3 252 634
143 2 190 880
144 3 138 967
145 2 244 862
146 2 324 741
147 2 431 864
148 3 471 746
149 2 239 518
150 3 291 692
151 3 259 725
152 3 323 950
153 1 444 456
154 2 238 626
155 2 458 612
156 3 350 793
157 2 454 472
158 2 174 848
159 3 62 782
160 3 275 889
161 2 260 690
162 3 11 427
163 3 93 475
164 2 115 665
165 4 338 568
166 2 466 962
167 2 44 958
168 2 257 957
169 2 22 634
170 2 322 494
171 2 204 695
172 3 190 642
173 2 218 956
174 2 293 696
175 2 409 958
176 3 240 892
177 3 351 618
178 4 315 493
179 5 259 789
180 3 335 458
181 4 173 715
182 2 348 592
183 2 247 377
184 2 170 767
185 3 261 576
186 3 456 856
187 2 260 804
188 2 267 410
189 3 271 442
190 3 464 529
191 3 223 656
192 2 296 744
193 1 35 761
194 2 91 714
195 3 369 896
196 1 178 757
197 2 448 511
198 3 36 783
199 4 334 723
200 2 433 657
201 2 84 681
202 2 53 700
203 3 189 868
204 2 194 657
205 2 14 841
206 3 107 708
207 2 20 787
208 3 217 554
209 1 201 765
210 3 229 426
211 2 463 776
212 2 368 768
213 2 188 822
214 2 216 922
215 3 297 825
216 2 99 695
217 2 171 702
218 2 293 789
219 4 427 741
220 3 394 772
221 2 238 517
222 4 379 769
223 2 351 611
224 2 48 638
225 2 327 827
226 3 41 713
227 3 82 699
228 2 455 420
229 2 493 928
230 2 266 818
231 3 289 806
232 2 371 640
233 4 387 842
234 4 268 907
235 2 433 551
236 3 70 696
237 1 3 709
238 3 437 904
239 2 466 596
240 3 82 530
241 3 104 414
242 3 174 919
243 2 459 763
244 4 148 727
245 2 148 614
246 2 362 539
247 2 108 790
248 3 155 795
249 2 211 650
250 2 428 815
251 3 157 652
252 3 115 313
253 2 326 709
254 3 165 772
255 2 363 563
256 3 485 945
257 2 155 713
258 3 250 644
259 2 69 973
260 3 410 925
261 3 193 748
262 2 270 680
263 3 455 776
264 4 387 680
265 2 353 743
266 3 161 505
267 3 91 646
268 3 159 561
269 3 444 550
270 2 377 860
271 2 78 966
272 3 310 916
273 2 199 810
274 2 59 776
275 3 482 717
276 2 436 837
277 2 308 514
278 2 400 434
279 4 426 970
280 3 475 612
281 2 361 859
282 2 371 752
283 2 420 477
284 2 23 859
285 2 419 861
286 2 208 883
287 2 134 914
288 3 483 706
289 2 378 770
290 3 65 775
291 3 166 701
292 3 133 844
293 2 498 631
294 3 11 936
295 3 309 920
296 2 251 860
297 2 388 809
298 2 44 755
299 2 337 487
300 2 424 987
301 3 352 600
302 4 170 680
303 3 22 683
304 4 363 657
305 2 224 389
306 3 110 466
307 3 100 985
308 4 200 694
309 2 496 793
310 2 483 862
311 3 415 779
312 2 500 734
313 4 196 786
314 2 71 676
315 2 68 773
316 3 6 711
317 2 105 729
318 3 336 423
319 3 59 945
320 2 101 602
321 2 71 854
322 4 49 596
323 2 376 933
324 4 120 829
325 3 405 551
326 2 163 780
327 2 314 475
328 1 138 552
329 3 278 682
330 3 206 899
331 2 255 687
332 2 74 929
333 2 82 802
334 2 101 585
335 2 453 893
336 2 342 706
337 1 195 838
338 3 75 579
339 3 134 535
340 3 361 736
341 2 210 805
342 3 487 576
343 4 233 749
344 3 160 638
345 2 16 755
346 2 491 909
347 1 246 712
348 2 167 726
349 3 467 773
350 3 34 801
351 2 128 512
352 2 48 885
353 3 42 476
354 2 318 554
355 3 284 968
356 2 290 235
357 4 137 754
358 3 191 695
359 2 129 730
360 2 142 426
361 1 31 803
362 2 117 968
363 2 52 844
364 3 234 839
365 2 72 625
366 3 306 834
367 3 483 897
368 3 339 634
369 3 357 756
370 2 157 896
371 2 165 976
372 2 474 806
373 2 406 404
374 2 169 919
375 2 58 628
376 3 61 682
377 2 185 883
378 2 174 723
379 3 324 702
380 2 179 709
381 2 355 755
382 3 368 799
383 3 452 696
384 2 381 679
385 2 473 958
386 2 22 463
387 3 47 728
388 3 424 936
389 3 148 889
390 2 14 647
391 2 14 657
392 3 395 718
393 2 238 434
394 3 151 704
395 3 409 443
396 3 329 974
397 2 332 819
398 2 77 705
399 2 98 665
400 2 485 879
401 4 387 422
402 2 151 866
403 2 335 539
404 3 102 839
405 3 323 765
406 2 247 681
407 3 216 662
408 3 134 920
409 4 298 778
410 2 358 696
411 4 494 614
412 2 314 889
413 3 214 733
414 3 13 883
415 2 75 658
416 2 422 766
417 3 422 626
418 3 386 848
419 2 408 847
420 3 385 819
421 2 285 700
422 3 185 817
423 2 48 822
424 2 37 832
425 3 9 909
426 3 451 610
427 2 76 802
428 4 23 901
429 4 381 886
430 1 406 635
431 2 136 905
432 4 260 827
433 3 79 627
434 2 278 504
435 3 171 587
436 3 121 663
437 3 66 652
438 2 284 832
439 3 375 574
440 2 104 640
441 3 80 889
442 3 250 851
443 3 382 577
444 2 449 703
445 2 223 727
446 2 230 939
447 3 500 917
448 3 158 676
449 1 360 701
450 2 337 854
451 2 84 897
452 3 14 765
453 3 448 921
454 3 361 563
455 3 444 738
456 2 434 600
457 2 217 744
458 2 33 876
459 2 69 973
460 2 123 583
461 3 370 648
462 3 177 514
463 2 450 899
464 2 122 787
465 3 11 601
466 2 91 496
467 2 287 816
468 2 207 720
469 2 26 781
470 3 428 816
471 2 130 772
472 3 353 863
473 3 254 822
474 2 140 946
475 2 333 899
476 2 257 438
477 4 138 659
478 3 175 568
479 2 47 856
480 2 287 741
481 3 498 773
482 2 470 711
483 3 40 825
484 3 230 586
485 3 304 820
486 2 235 723
487 2 214 783
488 2 450 681
489 4 35 642
490 3 495 610
491 4 351 967
492 2 478 797
493 2 56 904
494 2 419 609
495 2 488 694
496 3 3 956
497 4 350 856
498 2 415 747
499 2 163 662
