Number of jobs
400
Job data (job number, processing time, weight, due date)
0 3 278 684
1 2 191 501
2 2 378 618
3 2 311 762
4 4 296 641
5 2 35 718
6 2 341 598
7 3 327 599
8 2 52 282
9 1 64 599
10 3 227 426
11 2 100 599
12 3 307 385
13 2 352 366
14 4 333 505
15 2 5 684
16 2 370 701
17 2 9 560
18 2 201 703
19 2 376 634
20 2 291 662
21 2 150 450
22 3 138 563
23 4 100 749
24 4 90 177
25 3 383 669
26 2 306 619
27 2 50 466
28 3 277 520
29 4 107 510
30 2 359 700
31 2 5 753
32 3 304 456
33 2 288 700
34 2 253 518
35 2 89 516
36 2 257 529
37 2 395 652
38 3 69 697
39 2 118 539
40 3 129 658
41 2 194 533
42 2 376 428
43 4 21 688
44 4 360 497
45 3 70 435
46 2 374 409
47 2 40 745
48 3 359 649
49 2 298 598
50 2 338 660
51 3 321 626
52 2 146 600
53 3 256 435
54 2 277 724
55 2 305 501
56 3 31 718
57 2 249 559
58 3 196 759
59 4 354 592
60 2 65 577
61 3 7 749
62 3 161 736
63 2 38 785
64 2 161 558
65 3 358 676
66 3 5 660
67 2 59 533
68 2 195 679
69 2 360 713
70 2 25 556
71 4 156 768
72 4 313 506
73 2 338 352
74 2 212 630
75 2 355 379
76 1 50 662
77 2 212 626
78 3 53 713
79 3 74 591
80 2 283 674
81 3 149 689
82 2 316 294
83 4 396 313
84 2 227 659
85 3 230 756
86 2 302 744
87 2 283 545
88 2 355 590
89 2 10 612
90 3 337 394
91 2 357 676
92 2 24 682
93 3 107 742
94 2 315 447
95 3 131 536
96 3 336 489
97 1 221 240
98 3 130 712
99 2 195 514
100 3 288 466
101 2 98 437
102 2 177 695
103 4 29 354
104 2 226 645
105 2 14 640
106 3 69 475
107 2 391 218
108 2 208 744
109 3 86 452
110 2 342 701
111 2 114 381
112 3 20 426
113 2 232 535
114 3 372 447
115 3 173 726
116 2 186 443
117 2 217 563
118 2 325 532
119 2 276 395
120 2 321 737
121 3 109 580
122 2 169 579
123 3 241 526
124 2 44 733
125 3 218 586
126 2 274 503
127 2 106 437
128 2 187 671
129 2 215 605
130 1 375 649
131 3 181 661
132 2 271 586
133 2 358 403
134 2 140 317
135 2 255 590
136 2 50 131
137 3 161 538
138 3 360 723
139 3 379 345
140 3 191 475
141 2 48 738
142 3 19 672
143 3 81 728
144 2 26 627
145 3 253 594
146 2 361 509
147 3 148 704
148 2 126 440
149 2 25 528
150 3 391 690
151 2 77 663
152 2 162 752
153 3 61 535
154 2 182 694
155 4 59 616
156 2 166 668
157 2 319 607
158 3 220 720
159 2 16 350
160 2 112 652
161 3 123 648
162 3 385 644
163 2 317 243
164 3 18 764
165 3 184 574
166 4 397 572
167 2 330 502
168 2 14 668
169 3 86 550
170 1 305 773
171 3 230 463
172 2 309 461
173 3 104 432
174 2 123 550
175 4 329 395
176 3 98 761
177 2 381 290
178 3 298 590
179 3 337 526
180 3 8 440
181 1 281 665
182 3 276 452
183 2 341 356
184 2 47 677
185 2 7 732
186 2 387 427
187 3 389 619
188 3 356 675
189 3 82 658
190 3 176 624
191 2 346 645
192 2 285 684
193 4 261 541
194 2 72 683
195 2 348 669
196 4 44 597
197 2 356 641
198 2 18 619
199 3 103 544
200 1 249 509
201 3 262 728
202 2 10 696
203 2 358 374
204 2 4 477
205 2 219 336
206 2 343 639
207 4 305 301
208 3 333 659
209 2 173 703
210 2 125 711
211 3 328 431
212 3 356 583
213 2 283 629
214 2 59 440
215 3 132 553
216 2 39 672
217 2 135 664
218 2 339 620
219 3 325 604
220 2 172 535
221 2 172 559
222 3 43 613
223 3 100 216
224 3 54 562
225 2 286 557
226 2 249 636
227 2 188 481
228 2 254 675
229 3 65 375
230 2 74 695
231 2 248 701
232 3 239 718
233 2 354 492
234 3 335 526
235 2 309 744
236 4 191 488
237 2 105 734
238 3 314 624
239 3 201 391
240 3 185 556
241 3 108 652
242 2 313 596
243 1 115 593
244 2 248 706
245 4 262 781
246 2 133 550
247 2 369 670
248 3 248 692
249 3 346 353
250 4 63 392
251 2 312 598
252 3 335 434
253 3 355 635
254 3 188 389
255 2 374 661
256 2 340 720
257 3 157 706
258 2 45 428
259 2 219 324
260 2 371 643
261 3 130 695
262 3 107 573
263 2 157 603
264 4 52 476
265 2 193 404
266 2 97 595
267 3 214 734
268 3 169 404
269 3 121 343
270 2 128 334
271 2 355 628
272 2 292 414
273 3 63 736
274 2 213 638
275 4 70 597
276 3 15 490
277 2 209 691
278 2 214 539
279 3 311 638
280 2 49 504
281 2 24 509
282 2 279 711
283 3 241 679
284 2 145 554
285 3 393 605
286 2 88 766
287 3 309 732
288 2 177 541
289 2 143 637
290 4 123 468
291 3 211 638
292 3 218 665
293 3 4 618
294 2 336 498
295 4 342 626
296 3 113 376
297 1 176 778
298 3 279 579
299 2 50 664
300 2 101 483
301 2 88 588
302 1 353 464
303 2 314 419
304 3 86 439
305 3 89 487
306 2 88 770
307 4 217 636
308 2 224 605
309 2 65 724
310 2 125 750
311 2 173 664
312 3 381 542
313 3 379 735
314 3 267 448
315 3 196 755
316 2 207 425
317 2 253 688
318 3 360 564
319 3 99 749
320 3 20 774
321 3 97 525
322 2 134 639
323 2 149 411
324 2 390 691
325 4 161 482
326 2 382 582
327 2 255 621
328 3 284 741
329 2 301 215
330 2 50 671
331 2 68 567
332 2 297 406
333 3 151 309
334 2 311 258
335 2 28 381
336 2 373 476
337 3 250 578
338 2 378 569
339 3 27 534
340 2 103 598
341 3 330 720
342 4 350 699
343 3 26 774
344 4 290 591
345 2 255 595
346 3 93 588
347 3 209 609
348 2 399 559
349 2 115 468
350 3 245 759
351 2 314 376
352 3 286 706
353 2 203 628
354 3 82 329
355 2 187 524
356 4 36 614
357 3 287 368
358 3 190 441
359 2 324 670
360 2 329 717
361 3 51 437
362 2 214 591
363 3 256 627
364 2 189 249
365 1 320 582
366 4 352 540
367 4 172 717
368 3 281 440
369 2 291 511
370 2 269 223
371 3 229 589
372 3 307 501
373 3 89 497
374 2 96 610
375 2 383 709
376 3 303 557
377 3 134 633
378 2 91 702
379 3 168 537
380 2 260 484
381 3 228 460
382 2 387 673
383 1 57 580
384 3 2 759
385 3 398 599
386 3 267 697
387 3 197 625
388 3 27 694
389 4 135 648
390 1 31 681
391 2 345 587
392 2 35 461
393 3 351 624
394 3 323 407
395 3 306 692
396 3 362 632
397 3 195 678
398 1 179 508
399 2 216 632
