Number of jobs
90
Job data (job number, processing time, weight, due date)
0 3 61 172
1 2 73 130
2 2 15 167
3 2 85 135
4 2 6 102
5 3 80 137
6 2 69 109
7 4 33 103
8 2 83 141
9 2 1 100
10 4 57 112
11 3 82 136
12 3 79 173
13 2 45 132
14 2 84 109
15 2 86 132
16 2 18 148
17 2 56 159
18 2 50 100
19 3 37 176
20 4 70 124
21 2 52 177
22 2 6 138
23 3 41 146
24 2 17 115
25 4 12 107
26 2 41 139
27 2 85 53
28 3 17 164
29 1 32 43
30 2 71 102
31 4 44 157
32 2 19 142
33 2 65 115
34 2 11 123
35 3 70 133
36 3 81 137
37 2 40 120
38 2 16 129
39 1 29 106
40 4 58 116
41 1 53 105
42 3 7 162
43 3 41 60
44 3 9 98
45 2 59 102
46 3 14 109
47 3 8 147
48 4 77 124
49 2 85 118
50 2 41 147
51 2 52 93
52 3 35 140
53 3 30 156
54 2 72 167
55 3 84 83
56 2 11 133
57 4 69 115
58 2 57 155
59 2 80 134
60 2 31 113
61 3 19 120
62 3 30 163
63 3 43 158
64 1 44 74
65 3 12 150
66 2 53 141
67 2 47 125
68 1 66 133
69 3 43 107
70 2 33 135
71 4 65 90
72 2 42 171
73 2 24 147
74 3 68 104
75 2 16 102
76 2 50 133
77 3 39 85
78 2 46 139
79 3 54 148
80 3 60 166
81 2 24 158
82 1 56 126
83 2 74 169
84 4 34 74
85 3 62 165
86 3 75 169
87 4 3 143
88 2 1 104
89 2 71 138
