Number of jobs
50
Job data (job number, processing time, weight, due date)
0 1 24 65
1 3 29 84
2 2 8 83
3 4 21 61
4 3 23 64
5 2 36 63
6 2 25 68
7 2 34 63
8 2 20 80
9 3 4 81
10 3 46 91
11 4 30 92
12 2 18 84
13 2 17 63
14 2 24 66
15 4 10 62
16 2 38 61
17 3 46 83
18 2 10 80
19 3 12 73
20 3 34 94
21 2 37 81
22 2 31 80
23 2 38 99
24 2 10 72
25 3 1 94
26 3 26 71
27 3 13 46
28 2 34 65
29 2 39 77
30 2 8 87
31 2 11 72
32 3 25 68
33 2 45 95
34 2 32 51
35 2 42 82
36 3 37 86
37 2 41 56
38 2 19 68
39 3 14 83
40 1 36 77
41 2 42 97
42 3 19 76
43 1 46 60
44 3 3 70
45 2 5 84
46 3 36 76
47 2 16 79
48 3 19 78
49 2 10 88
