Number of jobs
80
Job data (job number, processing time, weight, due date)
0 1 68 106
1 2 70 148
2 3 69 97
3 3 56 123
4 2 45 138
5 2 15 104
6 2 64 95
7 3 14 114
8 4 68 116
9 3 38 145
10 3 50 115
11 2 59 138
12 2 64 140
13 1 68 118
14 3 80 121
15 3 54 135
16 2 16 111
17 3 61 107
18 3 75 155
19 1 78 123
20 2 56 108
21 3 45 128
22 2 37 109
23 3 8 107
24 2 30 104
25 3 53 128
26 3 20 114
27 3 47 150
28 3 31 155
29 2 44 141
30 3 68 131
31 3 16 142
32 3 7 114
33 2 42 130
34 2 60 143
35 3 74 83
36 3 40 93
37 3 73 132
38 2 11 77
39 3 77 88
40 3 10 83
41 3 63 80
42 3 18 55
43 2 20 103
44 3 3 140
45 2 51 131
46 1 74 143
47 3 4 152
48 2 59 95
49 2 30 155
50 2 32 155
51 3 58 134
52 2 48 151
53 3 3 123
54 2 27 94
55 3 64 138
56 2 62 118
57 3 21 110
58 2 51 131
59 3 25 128
60 3 74 111
61 1 64 94
62 3 16 147
63 3 38 107
64 2 27 110
65 3 46 133
66 2 39 111
67 3 12 161
68 3 43 115
69 3 2 139
70 2 77 118
71 2 51 118
72 2 21 93
73 3 17 115
74 2 37 127
75 2 48 97
76 3 12 129
77 4 3 146
78 2 46 132
79 4 28 118
